<?xml version="1.0"?>
<opencv_storage>
<name>PCA</name>
<vectors type_id="opencv-matrix">
  <rows>35</rows>
  <cols>91</cols>
  <dt>f</dt>
  <data>
    0. 9.64410882e-03 -1.08057233e-02 -8.83413386e-03 -6.08344562e-03
    4.07707848e-04 1.60865579e-02 1.22318631e-02 -2.64210417e-03
    -7.68381963e-03 -8.66724551e-03 -1.65716861e-03 5.92025644e-05
    -8.11454747e-03 1.24517279e-02 2.09697504e-02 1.42508009e-02
    1.11450199e-02 -2.78050061e-02 -3.62025872e-02 -1.75536405e-02
    -1.31324809e-02 2.97819562e-02 3.11016850e-02 2.52360739e-02
    3.28452326e-02 -3.21252570e-02 -6.56521842e-02 6.61482066e-02
    1.36046231e-01 -1.25706434e-01 -3.05362523e-01 6.32841811e-02
    2.76907623e-01 -1.16548343e-02 -9.16403532e-02 1.03444525e-03
    7.91494327e-04 -8.22870284e-02 -3.91781330e-02 2.21685141e-01
    1.42788574e-01 -1.64861068e-01 -1.60058156e-01 1.66724159e-04
    9.42524448e-02 4.20383215e-02 -2.52923742e-02 1.55900232e-02
    9.39706154e-03 4.78212396e-03 -3.49370278e-02 -2.67958865e-02
    2.19768099e-02 -2.10736021e-02 -7.37572927e-03 3.05973049e-02
    -5.19749895e-03 -3.60827819e-02 2.84914989e-02 5.57567850e-02
    -3.46494280e-02 -3.49609591e-02 1.10181458e-01 5.74684478e-02
    -1.84529886e-01 -1.73911467e-01 8.42187628e-02 1.51278347e-01
    2.11992916e-02 4.07164395e-02 6.53412491e-02 -1.15409113e-01
    -1.69014558e-01 -7.20257033e-03 1.96724892e-01 5.71288317e-02
    -1.56956553e-01 -6.99334368e-02 1.22893631e-01 2.33282968e-01
    1.91512948e-03 -2.57500380e-01 -1.68254763e-01 -3.19365375e-02
    8.20074826e-02 2.76817620e-01 8.72978047e-02 -2.69826949e-01
    -1.58776551e-01 1.67397857e-01 0. -1.28882146e-02 -8.21881928e-03
    -2.31736759e-03 -4.67122081e-05 1.98593028e-02 2.29762215e-02
    1.50237349e-03 -2.89100148e-02 -2.29691435e-02 2.88922945e-03
    9.38119087e-03 2.35682819e-02 1.09401690e-02 1.44160111e-02
    7.32349455e-02 8.50938484e-02 -2.00323127e-02 -1.51513100e-01
    -8.76291171e-02 1.15341125e-02 2.94329710e-02 2.85994802e-02
    -1.03459358e-02 -3.18235904e-03 4.59745200e-03 -1.72703620e-03
    -2.27837395e-02 -1.24638267e-01 -1.50520697e-01 4.00785170e-02
    2.49003589e-01 1.21931061e-01 -1.09082505e-01 -5.04351780e-02
    1.05358623e-01 -2.26793569e-02 -1.24448612e-01 7.35742301e-02
    1.58322617e-01 1.01596061e-02 -1.53012916e-01 -1.42914712e-01
    3.61455604e-02 1.60426393e-01 6.06328361e-02 -2.04670019e-02
    3.51689421e-02 6.15730733e-02 -3.05685773e-02 -1.21144488e-01
    -6.55903742e-02 3.38897742e-02 2.29063071e-02 -6.97137117e-02
    -4.20099273e-02 7.75368661e-02 1.17418477e-02 -8.78725126e-02
    1.96356662e-02 1.30320996e-01 1.10108107e-02 -9.67842564e-02
    1.96271902e-03 1.62594777e-03 -9.60944593e-02 -4.49160933e-02
    9.70288813e-02 8.90749395e-02 -4.85464057e-04 2.67897546e-02
    -5.33133596e-02 -1.66657567e-01 4.73624282e-02 2.37350494e-01
    6.65138736e-02 -9.46074203e-02 -1.58646703e-01 1.95864937e-03
    2.14095563e-01 5.95800884e-05 -3.19931120e-01 -2.32403621e-01
    2.34651551e-01 3.42211038e-01 7.50253424e-02 -1.20655634e-01
    -1.92030326e-01 -9.31789801e-02 2.71421205e-02 1.21301204e-01 0.
    -1.56877399e-03 4.86758910e-03 -4.78344178e-03 4.50814515e-03
    7.30874948e-03 -3.27466941e-03 -2.15853751e-03 -9.67563223e-03
    2.62516993e-03 9.48331039e-03 2.18645623e-03 -2.12132297e-02
    -1.83726959e-02 -1.05716912e-02 -3.88903879e-02 -2.15078681e-03
    4.50153872e-02 1.26730148e-02 -1.31311917e-05 9.20173433e-03
    -1.46674523e-02 1.61219370e-02 1.91749763e-02 2.39713443e-03
    7.75128901e-02 6.91619515e-02 -5.53103276e-02 -1.09408155e-01
    -6.39277510e-03 6.17520101e-02 1.06322013e-01 -1.02654072e-02
    -2.49125183e-01 -9.75859836e-02 2.57108063e-01 2.22587377e-01
    -1.40923977e-01 -2.38277882e-01 7.28175603e-03 8.68303254e-02
    -3.63235101e-02 -1.88838225e-02 3.90854850e-02 4.38778475e-02
    -3.03148180e-02 -5.15960716e-02 1.98734663e-02 2.57247705e-02
    6.08840445e-03 -4.34621051e-02 3.16271605e-03 7.01922327e-02
    2.41886894e-03 -7.29376450e-02 -2.74378248e-02 9.77341533e-02
    6.74208254e-02 -3.27207223e-02 -4.79815900e-02 -4.14468721e-02
    -1.33885033e-02 4.53797616e-02 7.11504892e-02 1.17168300e-01
    -5.01952842e-02 -2.85076141e-01 -7.62988776e-02 2.45532811e-01
    1.74698070e-01 -1.53184041e-01 -7.93389454e-02 1.85974106e-01
    -4.04588245e-02 -2.94557959e-01 1.27139594e-02 2.96091735e-01
    5.64356931e-02 -2.50034034e-01 -9.92305726e-02 2.25367814e-01
    9.84419584e-02 -1.47796884e-01 -1.46632120e-02 5.98924123e-02
    -3.90745401e-02 -7.60945305e-02 -3.87918367e-03 1.41582742e-01
    3.50486045e-03 -9.26996693e-02 0. -9.06896312e-03 -9.13450774e-03
    -1.10336179e-02 -1.55650238e-02 2.39029471e-02 4.48280536e-02
    9.58076306e-03 -1.86050590e-02 -2.93550268e-02 -2.83659175e-02
    -1.08359882e-03 2.35244017e-02 2.57564764e-02 8.04732926e-03
    3.23176757e-02 3.93747464e-02 1.20808114e-03 -1.30668478e-02
    1.19703468e-02 1.35276252e-02 -3.30036655e-02 -3.26359160e-02
    3.29836905e-02 4.62056883e-02 -6.46407455e-02 -1.31485358e-01
    -6.13775179e-02 1.43769588e-02 -7.65153617e-02 -9.56687331e-02
    7.07060397e-02 1.95694789e-01 1.40043318e-01 -8.66207927e-02
    -1.72885701e-01 3.92190069e-02 2.37800889e-02 -9.86618027e-02
    1.02389753e-01 2.99087763e-01 6.61099330e-02 -3.89109939e-01
    -2.35529512e-01 2.48810947e-01 2.55765557e-01 2.98905484e-02
    -3.92277837e-02 -5.26451953e-02 -2.99581289e-02 1.68694295e-02
    -3.21396929e-03 -7.27782696e-02 -1.02387602e-02 1.09921344e-01
    3.60381380e-02 -1.34017065e-01 -9.97657180e-02 6.25272691e-02
    9.93862748e-02 -1.03448285e-02 -1.24319933e-01 -6.08324595e-02
    1.11592067e-02 4.02796194e-02 1.05536267e-01 2.02267841e-02
    -1.72194481e-01 -3.99675034e-02 1.35260016e-01 7.03354701e-02
    -2.06529237e-02 -2.62129847e-02 3.65392268e-02 -5.86305074e-02
    -1.02894068e-01 1.50363356e-01 1.42735168e-01 -6.05151616e-02
    -1.48036405e-01 -1.48036033e-01 5.13699725e-02 1.37566462e-01
    5.47441356e-02 -1.15552125e-02 5.81847243e-02 -1.09034330e-01
    -2.09026009e-01 9.99872684e-02 1.98362082e-01 -7.36921187e-03 0.
    -3.51557950e-03 1.94345899e-02 -4.67252964e-03 -5.03011467e-03
    7.59156467e-03 -7.66276894e-03 -1.65332537e-02 -1.66557953e-02
    1.47510059e-02 3.36755253e-02 2.14694310e-02 1.19321831e-02
    -1.29032461e-02 -2.35169078e-03 2.55302638e-02 1.01116095e-02
    -6.84018508e-02 -8.87120366e-02 -3.11331097e-02 -3.90700325e-02
    6.89087901e-03 1.03611678e-01 3.35137211e-02 1.09845558e-02
    9.89925489e-02 1.58765964e-04 -8.56253803e-02 -1.19616114e-01
    -3.06735244e-02 2.26976305e-01 2.39645198e-01 -9.68873650e-02
    -3.00878376e-01 -1.38941571e-01 5.97235970e-02 1.57554254e-01
    5.96952997e-02 -8.65328684e-02 1.94402579e-02 9.67909321e-02
    -5.90194156e-03 -5.17059751e-02 -6.74624816e-02 -1.35720402e-01
    9.33826528e-03 2.24304929e-01 7.46555328e-02 -1.07447624e-01
    -4.93966006e-02 5.02646994e-03 -2.57621817e-02 -2.61859074e-02
    -3.66754346e-02 -2.90797818e-02 6.29711971e-02 9.15947631e-02
    -1.03435395e-02 -1.07223112e-02 3.48256864e-02 -9.22549702e-03
    -8.45158175e-02 -2.41935942e-02 4.50530611e-02 4.83386479e-02
    9.90047753e-02 1.19602121e-03 -1.16314717e-01 -1.62125006e-01
    7.59856105e-02 3.26721847e-01 7.29073733e-02 -3.16317141e-01
    -2.55127639e-01 1.02991872e-01 2.10290894e-01 -6.17973283e-02
    -1.02767222e-01 4.55053821e-02 -1.52637195e-02 2.36795601e-02
    1.27682984e-01 1.36165768e-01 -8.44199397e-03 -2.29457319e-01
    -1.20487928e-01 1.38818145e-01 5.45707531e-02 -6.22512065e-02
    -1.51915671e-02 -3.03772204e-02 0. -8.28762259e-03 1.50495451e-02
    1.35873044e-02 1.48371356e-02 2.37221643e-03 -1.21266525e-02
    -7.33267982e-03 -4.91840905e-03 -4.10216488e-03 6.44933293e-03
    4.39212564e-03 -1.92679223e-02 1.10074589e-02 9.24971979e-03
    -1.30477091e-02 -1.04033006e-02 -3.42579558e-02 1.53617170e-02
    5.19983657e-02 -1.70344638e-03 -2.29399428e-02 1.78156067e-02
