<?xml version="1.0"?>
<opencv_storage>
<name>PCA</name>
<vectors type_id="opencv-matrix">
  <rows>35</rows>
  <cols>91</cols>
  <dt>f</dt>
  <data>
    0. -1.04344385e-02 9.55827360e-04 6.64761523e-03 -1.39303366e-03
    -4.86494834e-03 9.22676641e-03 1.66969672e-02 2.98238965e-03
    -6.74914010e-03 -7.64977280e-03 -2.95869261e-03 -1.93474593e-03
    -9.49965976e-03 -3.61519167e-03 1.10182911e-02 2.92743668e-02
    -3.45123140e-03 -5.92133440e-02 -1.77207962e-02 -3.75317154e-03
    6.34504855e-02 4.97498885e-02 -1.32033288e-01 4.63414863e-02
    1.20343663e-01 -5.24072647e-02 7.23282015e-03 1.14375874e-02
    -5.31252734e-02 -3.05355582e-02 7.85464123e-02 7.50962496e-02
    -1.58520475e-01 -2.11175114e-01 1.43052101e-01 2.65944868e-01
    -2.99753491e-02 -1.17946230e-01 -8.00726283e-03 -1.50717134e-02
    -6.36085495e-02 -3.63706686e-02 6.48233667e-02 1.32437229e-01
    -2.51990743e-02 -9.76260677e-02 3.58942593e-03 3.84947397e-02
    1.59616452e-02 -6.92240298e-02 -4.13997695e-02 6.11632541e-02
    8.46005306e-02 -6.61108121e-02 -7.84480795e-02 1.01612337e-01
    7.21048191e-02 -3.83619815e-02 -1.16639756e-01 1.59151591e-02
    1.68453753e-01 6.90901205e-02 -9.50579867e-02 -1.59258336e-01
    -3.16497199e-02 9.89549160e-02 6.30421489e-02 3.34810019e-02
    -7.68630579e-02 -1.71892196e-01 -3.73447537e-02 1.77820683e-01
    2.26059809e-01 -1.80343255e-01 -2.43946880e-01 2.05749422e-01
    8.60431269e-02 -1.92623839e-01 -1.94384158e-02 2.29734987e-01
    1.30436182e-01 -1.59823343e-01 -2.11707637e-01 3.14976498e-02
    2.30029240e-01 -4.48028138e-03 -2.30307668e-01 -5.81082925e-02
    1.63228109e-01 4.60021198e-02 0. -4.12881328e-03 1.05054525e-03
    4.48428094e-03 7.96891470e-03 -7.02844327e-03 -2.12106612e-02
    -4.55757929e-03 1.04509471e-02 1.37088466e-02 4.86732600e-03
    9.92328767e-03 8.74695368e-03 2.56921933e-03 1.38061037e-02
    2.41996460e-02 3.66830379e-02 -1.89921893e-02 -7.53884763e-02
    -8.01582187e-02 1.66071355e-02 4.58185077e-02 -3.42437089e-03
    -7.13008046e-02 -5.93378581e-02 1.22658610e-01 9.81193036e-02
    -1.01045623e-01 -1.50507823e-01 2.25648303e-02 1.76330701e-01
    1.55035838e-01 3.16886492e-02 -9.58726481e-02 -2.43246421e-01
    -1.67231575e-01 2.30328724e-01 1.94349378e-01 -1.37624234e-01
    -7.88218379e-02 8.03245455e-02 9.76613835e-02 2.91289366e-03
    -6.41613677e-02 -2.76536942e-02 -2.64331209e-03 -6.23909384e-03
    8.50433577e-03 6.63760304e-02 5.55718280e-02 -1.88287459e-02
    -4.10967469e-02 -2.42048930e-02 -1.43099762e-02 -2.01122481e-02
    -3.20202820e-02 -1.53305866e-02 8.89948569e-03 -2.68750694e-02
    -1.41107276e-01 -4.47731419e-03 3.01205486e-01 1.82692170e-01
    -2.16705829e-01 -1.96350679e-01 7.07608685e-02 4.77536693e-02
    -2.68189553e-02 -7.18256831e-03 6.08410649e-02 1.47645324e-01
    1.28672179e-02 -2.13080019e-01 -1.15794703e-01 1.85174003e-01
    1.15996860e-01 -2.53561199e-01 -1.91636905e-01 1.99892864e-01
    2.16171145e-01 -3.24005969e-02 -7.93261230e-02 -6.53076321e-02
    -3.09891487e-03 4.75383624e-02 -8.89007095e-03 1.01238862e-01
    2.09090263e-02 -1.72912776e-01 -1.61223300e-02 2.61766985e-02 0.
    1.13602132e-02 -9.30884853e-03 -7.40690809e-03 3.20970640e-03
    -7.63085810e-03 1.80617464e-03 1.51929250e-02 1.94570213e-03
    -5.93394879e-03 1.08222489e-03 5.30921388e-03 1.34064462e-02
    7.11055996e-04 -5.97885484e-03 1.51490998e-02 1.26925185e-02
    -4.76921387e-02 -8.20194483e-02 -3.82293761e-02 2.60305740e-02
    1.38659790e-01 8.02552402e-02 -1.11146465e-01 -5.58885932e-02
    3.93584706e-02 -6.53288886e-02 -6.47503883e-02 1.31067112e-01
    1.03090733e-01 2.72834692e-02 6.49234466e-03 -1.38262197e-01
    -1.09903172e-01 6.51384220e-02 5.24016768e-02 2.42475607e-03
    6.46132510e-03 3.67190130e-02 -1.54441781e-03 -5.57428263e-02
    -1.56559255e-02 4.28831950e-02 5.61670884e-02 -6.42296225e-02
    -2.91204341e-02 -4.46998104e-02 -2.16862671e-02 1.22662239e-01
    5.51611967e-02 -2.12351382e-02 -3.35417464e-02 -7.05471337e-02
    -1.94074761e-03 2.06968412e-02 -4.12564762e-02 -1.08952215e-02
    5.38219372e-03 2.89496295e-02 2.34716991e-03 1.29483147e-02
    1.03808083e-01 1.21443663e-02 -1.50674924e-01 -1.02150954e-01
    1.60466820e-01 1.28652096e-01 -1.73962474e-01 -3.35148424e-02
    1.72785893e-01 -5.39043397e-02 -1.88244998e-01 1.08080082e-01
    1.94749355e-01 -6.95732683e-02 -2.03846231e-01 -5.36839757e-03
    2.05595657e-01 6.47305399e-02 -1.93979546e-01 -2.13799074e-01
    7.22036660e-02 3.39765102e-01 1.24523088e-01 -2.92479038e-01
    -1.52897820e-01 2.44641110e-01 1.57012284e-01 -1.89772114e-01
    -1.88339412e-01 1.08240888e-01 0. -1.78883795e-03 1.79003668e-03
    1.51304388e-02 2.11854186e-03 -1.38464188e-02 -1.51419491e-02
    -5.65668801e-03 1.73274763e-02 1.24909282e-02 1.85655791e-03
    -5.51513257e-03 -1.10745039e-02 -5.20465104e-03 1.11179957e-02
    3.85047346e-02 1.36160022e-02 1.16562489e-02 2.84904633e-02
    -2.07302142e-02 -9.01632905e-02 -1.78619444e-01 -4.06903103e-02
    1.61982372e-01 1.01341330e-01 4.69861962e-02 2.90568080e-02
    -2.81019546e-02 9.46452096e-03 -1.22773908e-01 -1.78572565e-01
    8.19324702e-02 3.02354902e-01 1.67179018e-01 -1.99323639e-01
    -3.43404084e-01 -1.59931451e-01 1.85299873e-01 2.69753814e-01
    7.90615380e-02 -9.08833370e-02 -7.48682022e-02 -3.18567082e-02
    -1.69929396e-02 7.61091188e-02 5.06307185e-02 -5.70305809e-02
    -5.14643192e-02 3.18487100e-02 6.03461899e-02 9.96933505e-03
    -5.00912480e-02 1.65576860e-02 7.24627674e-02 -2.14910582e-02
    -1.14436783e-01 -5.78180999e-02 -1.02275691e-04 3.31569761e-02
    8.28411430e-02 -6.31933957e-02 -6.40898868e-02 2.18617350e-01
    3.29392068e-02 -1.91607535e-01 -4.49525528e-02 -1.21309146e-01
    1.64320115e-02 2.34894633e-01 1.32833079e-01 -7.90683627e-02
    -1.33957490e-01 -6.96056755e-03 6.94771186e-02 -3.30796838e-02
    -1.58048525e-01 -4.87052314e-02 1.59318522e-01 2.13621333e-01
    -4.19952460e-02 -1.08824335e-01 9.67478007e-02 1.65630225e-02
    -1.55847982e-01 -5.34266122e-02 5.08967228e-03 -2.31705583e-03
    3.82994413e-02 6.10447042e-02 7.56277069e-02 -5.72614111e-02 0.
    9.53195803e-03 5.46206115e-03 5.83648076e-03 -7.96452281e-04
    1.22769352e-03 3.39454855e-03 -7.67048029e-03 -4.72072139e-03
    -2.69602821e-03 -6.98683318e-03 6.08583272e-04 1.18994340e-02
    1.63367763e-02 1.50467856e-02 1.77151263e-02 4.68911827e-02
    1.18000701e-03 -8.80799964e-02 -6.91980720e-02 6.19477173e-03
    -5.77751687e-03 6.56448901e-02 4.66722026e-02 -2.79100519e-02
    5.54329948e-03 -2.02576332e-02 -1.42576396e-01 -7.00897127e-02
    1.26789853e-01 1.22190319e-01 1.92962363e-02 -8.69891196e-02
    1.24164252e-02 9.62189436e-02 -5.26424311e-02 -2.25701541e-01
    2.42376886e-02 2.35392287e-01 3.25019658e-02 -5.75155765e-02
    -4.87013087e-02 -7.58809596e-02 2.90273427e-04 1.64890438e-01
    3.87856960e-02 -9.48392525e-02 -8.67039803e-03 -1.00744804e-02
    3.57754901e-03 3.00820693e-02 5.13440408e-02 2.70301886e-02
    -1.33269444e-01 -5.05092405e-02 1.09159239e-01 -4.20731343e-02
    -1.45779908e-01 -6.54898584e-02 1.20278999e-01 1.57053396e-01
    2.52514444e-02 -6.48310259e-02 -1.89023674e-01 -8.88087973e-02
    2.69667536e-01 2.62918264e-01 -2.19733551e-01 -2.27873549e-01
    1.83512837e-01 7.63420090e-02 -2.16101155e-01 -7.10447901e-04
    1.53189287e-01 2.28070449e-02 -8.42183642e-03 -6.88566491e-02
    -1.15131829e-02 4.75310767e-03 -2.82020704e-03 1.13032974e-01
    -5.39807193e-02 -1.32390872e-01 5.11169285e-02 1.75448179e-01
    9.43285003e-02 -2.49775693e-01 -1.81157261e-01 1.69181958e-01
    1.64216146e-01 -8.72352719e-02 0. 1.19825369e-02 6.70546852e-03
    -4.99127153e-03 -8.14628135e-03 -4.20197845e-03 -5.67783415e-03
    1.05782477e-02 1.31938066e-02 -7.46617699e-03 -9.66152921e-03
    -1.45669663e-02 -1.04571013e-02 7.57724885e-03 -6.28629234e-03
    -3.94918695e-02 2.48164162e-02 5.20846769e-02 -2.37425119e-02
    -9.59409997e-02 -2.07155086e-02 1.22546434e-01 1.09864458e-01
