<?xml version="1.0"?>
<opencv_storage>
<name>PCA</name>
<vectors type_id="opencv-matrix">
  <rows>34</rows>
  <cols>91</cols>
  <dt>f</dt>
  <data>
    0. -1.17199970e-02 -2.81075970e-03 1.16156237e-02 -9.16191726e-04
    -4.26665554e-03 9.51290783e-03 -4.59253322e-03 -1.38873002e-03
    2.49048765e-03 -5.94658777e-03 8.40951037e-03 2.92592100e-03
    4.33376478e-03 2.47723721e-02 -2.12020166e-02 -1.85033958e-02
    6.34597540e-02 4.27685194e-02 -9.28342491e-02 -1.35087103e-01
    2.27440055e-02 9.77874324e-02 4.93635936e-03 -6.23192787e-02
    -6.85853790e-03 8.24207664e-02 -4.95861098e-02 -2.74541322e-02
    1.07117869e-01 6.51197806e-02 -8.94136354e-02 -1.69214860e-01
    3.80314663e-02 9.43595544e-02 1.36290900e-02 9.76235047e-02
    8.14914629e-02 -1.00552551e-01 -1.29906684e-01 -6.54218942e-02
    4.27941605e-02 8.53564367e-02 2.77549438e-02 8.84325728e-02
    1.99525524e-02 -5.18923663e-02 -4.19521295e-02 -1.11816980e-01
    -2.63353717e-02 7.33121261e-02 2.68963660e-04 -7.86084309e-03
    3.41025852e-02 6.39221370e-02 -4.94777113e-02 -1.12162389e-01
    3.72674055e-02 3.36246528e-02 -7.48246163e-02 -4.98995604e-03
    1.18255436e-01 9.15966257e-02 1.87518820e-02 -1.85809553e-01
    -1.44823298e-01 1.29005134e-01 2.13199973e-01 5.74438609e-02
    -1.56389505e-01 -2.00930253e-01 -1.63769461e-02 1.85339451e-01
    9.17816833e-02 -1.57194600e-01 -6.11360893e-02 1.95609644e-01
    5.83726726e-02 -1.56913400e-01 -7.34067038e-02 1.08673841e-01
    4.96782325e-02 -2.35339552e-02 1.06328214e-02 -1.97047040e-01
    -2.43280992e-01 1.44640297e-01 4.12306756e-01 1.65614828e-01
    -2.12406337e-01 -1.82498127e-01 0. 2.70654056e-02 1.72754433e-02
    -1.45539986e-02 -1.00689661e-02 2.95432075e-03 -3.82347760e-04
    1.16401128e-02 7.33555714e-03 -4.39831801e-03 -1.48858912e-02
    -8.84512346e-03 8.17166362e-03 -9.09457169e-03 -3.86217074e-03
    6.95877597e-02 7.49409497e-02 -4.28279825e-02 -4.73901816e-02
    6.43573655e-03 -1.04702907e-02 -3.27769741e-02 -7.06306174e-02
    -1.01096198e-01 6.80697858e-02 1.44832551e-01 2.55937614e-02
    -8.58183429e-02 -5.76725192e-02 7.87341595e-02 -1.17374202e-02
    -7.18482509e-02 6.21383898e-02 2.45246172e-01 1.54079974e-01
    -2.77394831e-01 -4.13120270e-01 -5.10790087e-02 2.44939670e-01
    1.43121317e-01 2.24061427e-03 2.21449733e-02 1.29473377e-02
    9.47884098e-03 2.74911430e-02 4.95695043e-03 -4.61669043e-02
    -4.10259962e-02 -7.83697069e-02 -5.17910607e-02 7.86526725e-02
    1.06305711e-01 -1.28166620e-02 -4.72184606e-02 4.07465734e-03
    2.50801127e-02 -1.16048390e-02 -1.31875858e-01 -2.83462964e-02
    1.50194451e-01 7.86342770e-02 -9.46162641e-02 -1.08432323e-01
    -1.12550175e-02 6.23691753e-02 1.08381309e-01 7.42541850e-02
    -2.52073575e-02 -8.33029225e-02 -2.41041817e-02 4.17717732e-02
    1.40130715e-02 -3.59195471e-02 -1.23129472e-01 -4.22999114e-02
    1.25424206e-01 1.99702516e-01 7.44248508e-04 -2.51146019e-01
    -1.00213230e-01 1.34764999e-01 1.52566835e-01 -4.80214842e-02
    -2.24088252e-01 3.45328189e-02 1.83950350e-01 1.08789243e-01
    2.25328039e-02 -6.72081336e-02 -2.32439920e-01 -1.39256388e-01 0.
    -1.06737751e-03 -7.82409310e-03 -3.65745812e-03 2.99847522e-03
    1.54499551e-02 1.54911615e-02 -1.30428243e-02 -1.68245956e-02
    -2.86131119e-03 -1.84438529e-03 -4.47572488e-03 1.20868860e-02
    4.48433636e-03 -1.49845015e-02 9.54042422e-04 -1.01890201e-02
    -1.12739094e-02 3.93869542e-02 5.12582548e-02 -1.93610433e-02
    4.30657249e-03 -5.25282836e-03 -3.33656594e-02 -6.55812095e-04
    -7.49111399e-02 -4.18261550e-02 5.25489487e-02 1.06948882e-01
    9.40980837e-02 -1.27630383e-01 -7.17836097e-02 1.43609866e-01
    2.67201033e-03 2.00096983e-02 1.35719195e-01 -2.16671914e-01
    -2.95527577e-01 9.74859074e-02 1.37501299e-01 -5.24542108e-02
    -9.05683078e-03 1.38538510e-01 1.23909846e-01 3.10124853e-03
    -1.15558855e-01 -1.24419011e-01 -3.90690677e-02 5.68364486e-02
    4.31304947e-02 -3.80332433e-02 5.88527881e-03 8.46609026e-02
    1.57489851e-02 -1.45091238e-02 4.76614349e-02 -5.14854155e-02
    -7.31623620e-02 -1.03278551e-02 -6.48979694e-02 2.71498859e-02
    8.60360861e-02 -9.25225299e-03 1.04180612e-01 -1.23809185e-02
    -1.55249208e-01 1.16044050e-02 -2.48845853e-02 8.41662511e-02
    2.70429403e-01 -6.46136627e-02 -3.67347956e-01 -1.14623807e-01
    3.06437701e-01 1.04913563e-01 -2.78548360e-01 -5.13361432e-02
    2.62805223e-01 1.46803647e-01 -1.64348781e-01 -7.65748397e-02
    5.05693853e-02 -5.67624206e-03 -4.77913506e-02 -9.20771658e-02
    5.14848903e-03 1.35432333e-01 1.05569087e-01 -6.07995205e-02
    -6.06065355e-02 8.15371573e-02 0. 7.57124415e-03 -7.97839556e-03
    -8.35496830e-05 6.92425901e-03 -5.61034027e-03 4.26101871e-03
    3.48025397e-03 -1.15228556e-02 2.95318826e-03 6.43934403e-03
    -1.52618550e-02 -7.47744460e-03 -1.68871284e-02 -1.11804418e-02
    5.66614605e-02 2.46152040e-02 -1.07106976e-01 -7.93457702e-02
    1.32738128e-01 1.39857128e-01 -7.89803639e-02 -1.22392669e-01
    4.61305380e-02 1.00045845e-01 6.46728128e-02 -3.15979519e-03
    -1.58885330e-01 -7.70263299e-02 1.43962786e-01 6.74519906e-05
    -2.19133496e-01 5.25582805e-02 2.73591906e-01 -6.18446507e-02
    -2.66877919e-01 1.72066271e-01 3.37696999e-01 -4.67300564e-02
    -1.97531313e-01 -2.10546762e-01 -3.18051279e-02 2.01717973e-01
    3.08462977e-02 -8.61155912e-02 -1.16775753e-02 6.68020034e-03
    2.79030600e-03 -6.95915986e-03 -3.24972458e-02 -3.53836045e-02
    3.18449661e-02 5.82520291e-02 -5.34965657e-03 -8.96700379e-03
    5.49984649e-02 -2.56627705e-02 -4.18194309e-02 3.49819241e-03
    -2.38978770e-02 1.47783235e-01 5.33210598e-02 -2.01506600e-01
    -5.14708133e-03 8.80903974e-02 -5.93054853e-02 3.63480002e-02
    9.21699330e-02 -7.45652020e-02 -1.06346510e-01 3.40826884e-02
    4.68320921e-02 -3.06393225e-02 4.08330187e-02 1.16823889e-01
    -4.67453487e-02 -1.30727962e-01 8.26608539e-02 1.17383592e-01
    -1.63115799e-01 -1.99195936e-01 5.44522330e-02 2.03321204e-01
    6.84131160e-02 -1.60009012e-01 -2.94753648e-02 9.56369266e-02
    -5.99816767e-03 -7.93494955e-02 5.56845888e-02 1.85932338e-01 0.
    -8.19360279e-03 -1.99658610e-02 1.62763689e-02 1.63860247e-02
    -7.80761288e-03 2.62626586e-03 -5.26220771e-03 -7.10951863e-03
    6.02009473e-03 -2.62745610e-03 -6.39537163e-03 1.84798351e-04
    -4.08978350e-02 -2.63897143e-02 3.26616280e-02 5.60345091e-02
    1.62527040e-02 -5.09803817e-02 -7.13767111e-02 5.25609665e-02
    1.22881755e-01 3.54268737e-02 -3.58325685e-03 -5.33045568e-02
    -1.33684635e-01 -6.14676662e-02 1.65457889e-01 1.47713572e-01
    -8.73000398e-02 -1.43995419e-01 -2.10599191e-02 2.93793771e-02
    -3.84504050e-02 4.81712222e-02 2.01902762e-01 3.73076759e-02
    -9.08026472e-02 -4.63161692e-02 -8.00053552e-02 -8.50645602e-02
    -6.36965558e-02 4.98990044e-02 1.13507807e-01 8.99786204e-02
    3.24813984e-02 -1.06039040e-01 -8.54758099e-02 -1.08318385e-02
    -1.37989931e-02 2.48013157e-02 1.78008508e-02 -2.70519368e-02
    4.66326065e-02 7.65586197e-02 6.76487759e-03 5.27572632e-03
    -2.01443750e-02 -3.88770588e-02 -7.12841526e-02 -1.62156485e-02
    7.20246136e-02 -4.60756719e-02 -4.97079678e-02 2.07315776e-02
    2.78642271e-02 2.07900926e-01 4.51338552e-02 -2.96292961e-01
    3.54933785e-04 3.08669984e-01 2.78398767e-02 -3.45031977e-01
    -2.01265916e-01 2.27710217e-01 2.93123752e-01 -3.31021962e-04
    -9.11267474e-02 -5.47502972e-02 8.35394673e-03 -2.90545877e-02
    -1.00752801e-01 9.01777595e-02 -7.50026479e-03 -2.80533612e-01
    2.23512165e-04 2.24475697e-01 1.08396329e-01 1.06395543e-01
    -4.51934617e-03 -8.45436081e-02 0. 1.79670490e-02 -2.14965250e-02
    -1.19589269e-02 5.00238501e-03 2.15934054e-03 2.86422903e-03
    -5.76850120e-03 1.20212603e-03 5.30450977e-03 6.78131543e-03
    -4.05532867e-03 -1.51349660e-02 -3.47085274e-03 -2.01378111e-02
    -1.60991121e-02 1.23575600e-02 -4.10902388e-02 -7.07733035e-02
    8.56607631e-02 1.61426321e-01 -1.07259173e-02 -7.91228190e-02
