<?xml version="1.0"?>
<opencv_storage>
<name>PCA</name>
<vectors type_id="opencv-matrix">
  <rows>33</rows>
  <cols>91</cols>
  <dt>f</dt>
  <data>
    0. -2.95404741e-03 1.80291869e-02 1.40158916e-02 -1.15191862e-02
    -1.26007413e-02 3.82790715e-03 2.77359132e-03 -2.70249601e-03
    -5.70200244e-03 3.75338178e-03 8.48919060e-03 -1.47763574e-02
    -3.79273202e-03 -1.00576272e-02 -3.80309783e-02 -2.34976653e-02
    -6.37592142e-03 3.34685072e-02 7.86200464e-02 6.53191283e-02
    -2.96325721e-02 1.34214880e-02 -1.06072333e-03 -8.01946670e-02
    -3.74746285e-02 1.60633475e-02 7.33475983e-02 -3.05511914e-02
    -5.58045413e-03 8.04398283e-02 -1.61494892e-02 -8.68718326e-02
    -1.09799877e-01 -1.26595935e-02 1.11568421e-01 1.67648077e-01
    9.37459171e-02 -2.19525442e-01 -1.36999577e-01 8.52997750e-02
    -2.08327528e-02 3.07613984e-02 6.35687709e-02 -2.55784411e-02
    -3.96603048e-02 3.70448120e-02 2.48833001e-02 -4.63074110e-02
    -6.18097074e-02 -3.86951230e-02 1.34055307e-02 5.83685264e-02
    5.82493767e-02 1.98127739e-02 9.18991193e-02 4.75980341e-02
    -1.93902031e-01 -1.27268687e-01 1.83718801e-01 1.54178888e-01
    -7.65520409e-02 -9.46365297e-02 -1.44526377e-01 -1.28512666e-01
    1.09561346e-01 1.64240271e-01 7.16942474e-02 -2.23767702e-02
    -1.10546730e-01 -3.61806415e-02 6.10109866e-02 -1.57320104e-03
    1.00310288e-01 2.60572910e-01 -2.09550127e-01 -4.28859770e-01
    7.07991347e-02 2.70558029e-01 1.14152737e-01 -3.05118337e-02
    -1.23912551e-01 -4.03388925e-02 -1.17730082e-03 -3.27680707e-02
    1.34464994e-01 -3.46909501e-02 -2.44145662e-01 9.60134566e-02
    2.34044150e-01 3.17382393e-03 0. 1.38352644e-02 9.91939381e-03
    -8.40653852e-03 -7.76565820e-03 6.14220230e-03 6.56672707e-03
    8.68383329e-03 -2.62921746e-03 -7.05915457e-03 2.30948045e-03
    -1.05060060e-02 -1.58509277e-02 -8.64455593e-04 -4.03372273e-02
    -3.66958454e-02 -8.70389026e-03 -1.08778495e-02 7.73723125e-02
    7.37924278e-02 -8.97157118e-02 -2.98451893e-02 7.67615438e-02
    4.68794703e-02 -4.97221481e-04 -5.54773919e-02 7.84128085e-02
    1.69148967e-01 -7.82767832e-02 -1.95114270e-01 5.49248271e-02
    9.38195363e-02 -1.89683169e-01 -1.08096942e-01 2.85887182e-01
    1.84095412e-01 -1.22842140e-01 -1.79447383e-01 -7.69260377e-02
    7.28057027e-02 1.41655877e-01 1.07406946e-02 -2.55840242e-01
    -1.13081709e-01 2.44034037e-01 1.83632836e-01 -1.16724417e-01
    -1.72616899e-01 -5.43498434e-02 -4.79105040e-02 2.26919409e-02
    7.92912319e-02 5.58370613e-02 4.96122614e-02 4.10704501e-02
    -1.28509505e-02 -3.97258662e-02 9.28282887e-02 1.02297820e-01
    -9.95160937e-02 -1.33549854e-01 -1.81498448e-03 6.48833290e-02
    1.22758504e-02 -3.02307438e-02 2.10866388e-02 -2.38214061e-02
    -1.00092888e-01 1.69718303e-02 1.02548212e-01 4.98315766e-02
    1.05868019e-01 -3.06474678e-02 -1.94627583e-01 4.58776690e-02
    1.91135839e-01 -1.61851540e-01 -2.51512349e-01 8.36606622e-02
    1.65218785e-01 8.72474015e-02 2.80247163e-02 -1.21618859e-01
    -1.68367922e-01 8.30461457e-03 1.68965176e-01 1.16661549e-01
    -3.87198068e-02 -1.99584141e-02 -3.58838961e-02 -9.87811089e-02 0.
    -9.07963980e-03 8.07638466e-03 1.38815017e-02 -4.90189856e-03
    -8.61619320e-03 -8.41549225e-03 8.11456330e-03 1.04715759e-02
    -1.41783217e-02 -1.05615910e-02 6.13485090e-03 6.16294099e-03
    -1.45193106e-02 4.73668939e-03 2.28901450e-02 3.71442409e-03
    -1.08386995e-02 -4.37139906e-02 -1.86273903e-02 6.38629496e-02
    5.86841702e-02 -4.81434651e-02 -5.37772402e-02 1.64076313e-02
    2.13887636e-02 3.37457359e-02 2.40821168e-02 -8.30488354e-02
    5.56557812e-02 4.42320481e-02 -1.58977106e-01 7.62888938e-02
    8.98928195e-02 -2.18053788e-01 -1.74739853e-01 1.85154662e-01
    3.84799778e-01 -3.49232443e-02 -2.63720572e-01 5.88738509e-02
    7.24241883e-02 -1.60826862e-01 -7.57354945e-02 1.24649234e-01
    3.34803909e-02 -3.39855775e-02 1.07396115e-02 5.17410152e-02
    6.22388870e-02 -5.12256287e-03 -6.85021058e-02 -6.40733689e-02
    -4.73441407e-02 -6.25001863e-02 1.01777650e-02 1.85024604e-01
    8.35545063e-02 -1.73033386e-01 -6.37973174e-02 2.24582374e-01
    3.87468562e-02 -1.84202150e-01 -5.93630485e-02 6.12112433e-02
    1.12736218e-01 -2.38349456e-02 -1.29745930e-01 2.74708588e-02
    6.56558201e-02 -1.79893896e-02 8.17876235e-02 9.14261863e-03
    -2.58757651e-01 -8.81266370e-02 2.83197165e-01 7.50818849e-02
    -2.28709579e-01 -2.56083328e-02 1.30791917e-01 1.51662469e-01
    3.74247804e-02 -1.77140281e-01 -4.94364910e-02 2.44683754e-02
    -1.40977027e-02 -7.11704977e-03 -5.68709448e-02 4.21049595e-02
    1.13051571e-01 -1.66440941e-02 0. -1.94574259e-02 1.79710779e-02
    6.27887016e-03 -4.38457215e-03 2.04294780e-03 1.96496164e-03
    7.73872714e-03 -3.15287296e-04 -1.78602128e-03 1.59169175e-03
    -2.71008862e-03 -9.12260637e-03 8.16339161e-03 1.59226246e-02
    -2.67625209e-02 -3.60252894e-02 -1.13431299e-02 -1.72028858e-02
    1.33067975e-02 4.82290089e-02 -4.68520038e-02 -2.69620270e-02
    1.25246152e-01 3.64983119e-02 -8.41121823e-02 1.70827133e-03
    9.76292416e-02 2.22580656e-02 -5.70263453e-02 -7.02857375e-02
    -4.34501581e-02 3.76384184e-02 5.16278483e-02 2.43442953e-02
    -1.17362060e-01 -3.50854732e-02 1.88855946e-01 4.37966362e-02
    -1.22256488e-01 -4.12497893e-02 4.18691859e-02 -4.78097051e-03
    3.94686349e-02 -5.32976389e-02 -1.33317232e-01 4.46130857e-02
    6.57063425e-02 7.60388523e-02 2.64340937e-02 -1.78326219e-01
    -1.12259790e-01 1.07358582e-01 9.16452110e-02 6.07043765e-02
    7.96935558e-02 -1.12124741e-01 -1.24158338e-01 1.28543004e-01
    1.98948056e-01 -1.08767428e-01 -2.18077689e-01 4.16332968e-02
    1.22855216e-01 2.10864976e-01 -6.53005019e-02 -4.21240538e-01
    -7.09755570e-02 2.32272759e-01 3.51052918e-02 -6.09683618e-03
    2.00486090e-02 -7.08988309e-02 1.35536075e-01 1.88736647e-01
    -1.87343378e-02 -1.86555296e-01 -1.37070492e-01 2.81418618e-02
    -8.20796713e-02 5.97131662e-02 2.32278228e-01 -3.43739390e-02
    -1.92444503e-01 -5.19248564e-03 -2.44143084e-02 -7.50027737e-03
    1.79665595e-01 1.40165150e-01 -3.13713513e-02 -2.11482584e-01 0.
    2.14451668e-03 1.36268213e-02 -1.27280485e-02 -3.10193412e-02
    5.56673156e-03 1.47284092e-02 -3.24076391e-04 -8.16686265e-03
    -8.54899455e-03 -8.21328163e-03 3.34156537e-03 -6.90322369e-03
    1.11337574e-02 1.14570735e-02 1.94079801e-02 4.84259240e-02
    2.02235417e-03 -3.54625401e-03 5.45446165e-02 1.11134732e-02
    -1.44631090e-02 2.09906437e-02 -4.27843854e-02 -8.13806504e-02
    -2.07041293e-01 -9.15720761e-02 2.95284063e-01 1.42472982e-01
    -8.62308517e-02 -1.18107341e-01 -2.08469331e-01 6.79047927e-02
    3.58447611e-01 8.09187144e-02 -2.07844123e-01 -7.68218189e-02
    1.43231815e-02 -1.72246307e-01 -1.40252620e-01 1.41249686e-01
    2.17199579e-01 6.00307472e-02 -1.05746992e-01 4.32754047e-02
    1.40934467e-01 -1.34189948e-01 -1.35335982e-01 1.17837988e-01
    1.07587285e-01 1.41525525e-05 -5.86008374e-03 7.27283023e-03
    -1.24253659e-02 -1.23084988e-02 2.02722829e-02 1.61393341e-02
    -6.59578294e-02 -8.79573226e-02 -3.12375072e-02 -6.12006746e-02
    3.73509303e-02 1.30620986e-01 -6.57271668e-02 -1.16087466e-01
    5.06558642e-02 -4.66201873e-03 -2.21112525e-04 1.49598032e-01
    -3.62995267e-03 -1.07280962e-01 3.38008814e-02 1.14445552e-01
    4.55146208e-02 -1.55638173e-01 -2.07599223e-01 6.53241649e-02
    1.96194887e-01 9.60362926e-02 3.43937464e-02 -1.03022367e-01
    -1.51717991e-01 -3.98735069e-02 -1.66846178e-02 7.96541572e-03
    1.24221630e-01 1.13430411e-01 2.91080493e-02 -1.15850233e-02
    -2.51813084e-01 1.08832796e-03 0. -6.34618383e-03 1.63007807e-02
    1.40553331e-02 -5.97153257e-06 -7.86966761e-04 -1.53681291e-02
    -8.65213759e-03 8.74005631e-03 1.22911260e-02 -2.92690797e-03
    6.18221331e-03 -1.61357559e-02 -3.15580033e-02 -2.02163905e-02
    3.37276347e-02 1.62839331e-02 -1.03328750e-01 -4.21957532e-03
    7.58510679e-02 -1.15617746e-02 -4.18742411e-02 1.89912878e-02
