<?xml version="1.0"?>
<opencv_storage>
<name>PCA</name>
<vectors type_id="opencv-matrix">
  <rows>34</rows>
  <cols>91</cols>
  <dt>f</dt>
  <data>
    0. -1.97930224e-02 2.65597110e-03 2.39760382e-03 9.42524057e-03
    -2.17593182e-03 -1.56144239e-02 3.74966674e-03 9.61342175e-03
    1.88684352e-02 1.61747099e-03 -7.45100761e-03 9.93859489e-04
    1.66357048e-02 1.26590645e-02 -1.14048207e-02 -2.84022302e-03
    -1.67698192e-03 -2.92163882e-02 -2.44899113e-02 -6.00353396e-03
    -1.44727752e-02 3.14513757e-03 1.69934165e-02 2.14677192e-02
    6.63647987e-03 -2.80832555e-02 -5.29099139e-04 3.09469309e-02
    1.37648091e-03 -2.14465279e-02 2.13435031e-02 4.54809740e-02
    -2.92132702e-02 -1.20413164e-02 3.44939865e-02 -4.63816300e-02
    -6.23140531e-03 2.30637435e-02 -5.18299220e-03 3.54441293e-02
    -3.19561176e-02 -1.10690042e-01 1.88920330e-02 2.06681594e-01
    4.17181961e-02 -2.25042388e-01 -5.34787104e-02 1.20892189e-01
    1.70909297e-02 -1.73995998e-02 1.49572836e-02 1.57337803e-02
    9.36695724e-04 -1.64557807e-02 -2.59891134e-02 -2.01287400e-02
    -2.98851617e-02 -2.81400159e-02 4.47684675e-02 8.37740228e-02
    4.06843498e-02 -2.95267142e-02 -1.02800466e-01 -7.99358115e-02
    3.96661386e-02 1.35627180e-01 1.05324924e-01 -5.64067513e-02
    -1.89900696e-01 -6.26560748e-02 2.12441653e-01 1.22407645e-01
    -2.00804278e-01 -1.91894248e-01 1.44688934e-01 3.07513565e-01
    -7.99875110e-02 -4.06298101e-01 4.60362760e-03 3.78548861e-01
    2.89868433e-02 -2.22449228e-01 4.50441912e-02 1.38858914e-01
    -2.64755618e-02 -1.90075874e-01 -1.03752092e-01 2.00429738e-01
    1.14578575e-01 -1.07681140e-01 0. 1.15547525e-02 6.81338646e-03
    -1.52923828e-02 -2.00165305e-02 1.34444889e-02 1.26767671e-02
    -1.08978515e-02 -5.82924392e-03 -4.00026515e-03 -3.67633207e-03
    9.01454967e-03 1.74041782e-02 5.16299205e-03 -1.74709633e-02
    -2.53449921e-02 -4.44318503e-02 2.07313932e-02 8.23523477e-02
    1.67783238e-02 -3.25150490e-02 -1.01731550e-02 3.45211364e-02
    1.17463209e-02 -2.02355403e-02 -4.57493104e-02 -3.24925222e-02
    2.92639416e-02 -3.15916650e-02 8.68709851e-03 1.39744997e-01
    -1.63676925e-02 -1.89483166e-01 -8.69891718e-02 2.19234392e-01
    2.06561789e-01 -1.92471579e-01 -2.42911860e-01 6.22619577e-02
    1.31161630e-01 1.93674527e-02 5.16846851e-02 4.47247364e-02
    -7.54094347e-02 -1.61961645e-01 2.01176777e-02 1.83213845e-01
    1.55713363e-02 -4.66103442e-02 -3.30179483e-02 -5.17756343e-02
    -3.25777568e-02 2.91492064e-02 1.08754590e-01 8.59384984e-02
    -5.67915104e-02 -8.38143304e-02 3.43638435e-02 -1.26163391e-02
    -1.43128708e-01 -9.71243605e-02 9.13894325e-02 2.08391726e-01
    8.84813294e-02 -9.28203240e-02 -9.88101736e-02 -8.03777575e-02
    8.40900838e-02 1.52093843e-01 -1.14072047e-01 -7.99120814e-02
    1.22129887e-01 6.92314133e-02 -1.50488541e-01 -2.28516027e-01
    -7.65321171e-03 1.78564876e-01 1.70189753e-01 4.76914234e-02
    -1.79815352e-01 -1.29100919e-01 2.49020800e-01 1.32478222e-01
    -2.77834833e-01 -2.95325108e-02 1.53916314e-01 -1.45038322e-01
    -6.58391640e-02 1.04555644e-01 6.08122796e-02 8.27367157e-02 0.
    8.52560531e-03 -1.27944853e-02 -3.21056438e-03 -2.75237858e-03
    2.48468807e-03 -2.02753255e-03 -3.04419012e-03 9.94027965e-03
    1.19888345e-02 7.45981466e-03 -2.99800653e-03 -2.01211460e-02
    -5.57872746e-03 1.65577549e-02 7.95732532e-03 -2.85606664e-02
    -7.49140456e-02 -4.38398086e-02 6.04377426e-02 1.15594901e-02
    -1.05379838e-02 1.03152253e-01 6.54044226e-02 -8.64631832e-02
    -8.80790055e-02 -4.40347381e-02 1.31011218e-01 1.41290218e-01
    -1.46800756e-01 -9.90163237e-02 1.63255244e-01 1.17892921e-01
    -2.16124058e-01 -2.49285370e-01 1.49440691e-01 3.70436013e-01
    7.03012124e-02 -1.65557295e-01 -1.24038100e-01 -8.50863755e-02
    -5.10077961e-02 -2.60255989e-02 9.59616303e-02 1.49822429e-01
    7.90808424e-02 -4.86500151e-02 -2.17778206e-01 -1.11987643e-01
    6.46873266e-02 7.81389326e-02 4.53068642e-03 -5.27305789e-02
    1.45678613e-02 9.45771337e-02 -1.94336940e-02 -6.01339489e-02
    1.00132793e-01 1.80701781e-02 -7.43994266e-02 2.71977298e-02
    -7.93597603e-04 3.67698558e-02 4.69855107e-02 -1.46885872e-01
    -1.36217415e-01 1.24381587e-01 1.68661073e-01 5.50805777e-02
    -2.72160694e-02 -1.69646949e-01 -1.02263860e-01 7.59106576e-02
    1.09073713e-01 5.80595396e-02 -9.33071449e-02 -5.65022267e-02
    -5.75505383e-03 -5.45959780e-03 5.90541022e-05 -2.67469063e-02
    2.00422481e-01 2.20661566e-01 -1.06456026e-01 -1.78291604e-01
    -4.15821783e-02 -8.61676261e-02 -1.12472318e-01 5.52073643e-02
    2.23029912e-01 6.77661896e-02 0. 1.64666679e-02 1.58160366e-02
    1.02398219e-02 -1.60352781e-03 -1.80910099e-02 -9.83727747e-04
    9.83113609e-03 -1.45580983e-02 -1.69494022e-02 1.09389974e-02
    1.61678549e-02 5.24440454e-03 1.29587399e-02 1.23840515e-02
    -1.46537824e-02 -4.78682406e-02 -4.53694090e-02 -3.36191454e-03
    4.39431192e-03 -1.09995883e-02 5.51810712e-02 8.88314098e-02
    5.94126582e-02 2.02234276e-02 -4.54708748e-02 -1.48689877e-02
    -6.20531514e-02 -2.08912358e-01 -3.61070260e-02 3.07082862e-01
    2.20232889e-01 -2.16491476e-01 -3.91100705e-01 -3.76940109e-02
    3.21673900e-01 2.26353779e-01 -7.22080097e-02 -1.06474929e-01
    4.03089449e-02 -1.77187715e-02 -1.18192278e-01 3.87934074e-02
    4.94711138e-02 -8.95061567e-02 -5.92258088e-02 2.32802331e-02
    1.18912555e-01 1.22018136e-01 -2.78212111e-02 -8.76952782e-02
    1.53218359e-02 -3.36817168e-02 -8.93386230e-02 -5.56172617e-03
    7.13964999e-02 4.92614172e-02 6.99149445e-02 6.15388937e-02
    -2.13108268e-02 -9.97881293e-02 -1.90822840e-01 3.52192968e-02
    2.34260410e-01 4.49783131e-02 -1.11107394e-01 -2.71497741e-02
    -3.99546772e-02 -1.16180539e-01 -4.58645448e-02 1.29919648e-01
    1.47213653e-01 -8.38786960e-02 -7.14056492e-02 6.25635609e-02
    4.70308959e-02 1.46821616e-02 -5.71860597e-02 -7.11140782e-02
    1.25898853e-01 9.48705897e-02 -1.73309714e-01 -1.12308986e-01
    9.76930112e-02 5.73000833e-02 -5.95536493e-02 6.75420687e-02
    3.05253640e-02 -1.37484416e-01 -4.16628644e-02 7.82581568e-02 0.
    1.25562809e-02 5.35128824e-03 -2.31349804e-02 -3.44759459e-03
    1.24850487e-02 -6.69017062e-03 5.46852220e-03 -1.77407805e-02
    -4.22240281e-03 1.52967377e-02 -7.90878758e-03 -1.20165118e-03
    -6.87248027e-03 -2.09285598e-02 -1.85502344e-03 -2.16755662e-02
    6.28871890e-03 8.76985565e-02 7.81448483e-02 -4.81721312e-02
    -3.91452871e-02 1.02478951e-01 -4.11555264e-03 -9.16647464e-02
    -3.70960683e-02 -6.84558898e-02 1.98466927e-02 5.73793948e-02
    -2.68003959e-02 4.18720916e-02 4.30973098e-02 -1.70035869e-01
    -6.27204776e-02 2.12412789e-01 1.76196069e-01 -1.97100304e-02
    -1.94788441e-01 -1.73677906e-01 -8.09671916e-03 8.65882263e-02
    1.33479601e-02 -2.38741618e-02 1.14183173e-01 2.13605940e-01
    -9.47434530e-02 -2.88433641e-01 1.01317065e-02 1.96045712e-01
    7.52433687e-02 -5.59754595e-02 -1.07314296e-01 -5.94644286e-02
    8.44600201e-02 1.72417879e-01 -3.18917126e-04 -1.61848202e-01
    8.39070417e-03 4.97022234e-02 -6.79877326e-02 5.72644500e-03
    8.45191181e-02 -9.86753702e-02 -1.93515614e-01 8.13598856e-02
    2.40830645e-01 4.48276587e-02 -5.92185706e-02 -8.17915890e-03
    -7.39268586e-02 -9.95379016e-02 -8.44652019e-03 1.35486811e-01
    1.29053190e-01 -2.64999904e-02 -1.75375238e-01 -1.97071612e-01
    9.35953408e-02 2.36556783e-01 1.06778620e-02 -9.97181311e-02
    -3.22625563e-02 -4.68236431e-02 9.07039642e-02 7.93356150e-02
    -1.67347893e-01 -8.67239982e-02 1.75008059e-01 1.55327976e-01
    -1.51837587e-01 -1.62235752e-01 0. -2.55897827e-03 5.80665516e-03
    -1.81790423e-02 -7.45676504e-03 1.74148344e-02 -1.80756929e-03
    7.32043851e-03 5.79291536e-03 -2.63324968e-04 1.64078971e-04
    6.25592750e-03 1.21098952e-02 4.35217991e-02 5.40832318e-02
    1.28378998e-02 6.74235914e-03 -3.82086746e-02 -1.57108635e-01
    -3.63432728e-02 8.56191739e-02 -4.14058454e-02 -1.87091567e-02
