<?xml version="1.0"?>
<opencv_storage>
<name>PCA</name>
<vectors type_id="opencv-matrix">
  <rows>35</rows>
  <cols>91</cols>
  <dt>f</dt>
  <data>
    0. 1.86072686e-03 -7.28252763e-03 5.54779894e-04 4.65293787e-03
    -1.43693271e-03 -8.80113337e-03 -6.86565787e-03 1.48318922e-02
    8.74030590e-03 -8.52844119e-03 -8.91570002e-03 2.43805884e-03
    1.22355912e-02 6.73212204e-03 9.36009735e-03 1.10281846e-02
    1.81002058e-02 1.98013335e-02 7.55520305e-04 1.85957570e-02
    -6.98356256e-02 -8.64603892e-02 1.12192276e-04 4.01940793e-02
    1.01846084e-01 -1.16903018e-02 -1.96376234e-01 -6.72518462e-02
    8.92326310e-02 2.59509776e-02 1.33711174e-01 1.00908592e-01
    -1.52875613e-02 1.97815779e-03 -4.18129005e-02 -1.74050033e-01
    -2.09546819e-01 6.80558681e-02 1.45138100e-01 2.87665110e-02
    4.90764007e-02 6.11250065e-02 -1.12510640e-02 -4.26341109e-02
    2.55610291e-02 6.75644428e-02 4.76566982e-03 -6.42701536e-02
    -5.46344072e-02 -3.93741168e-02 8.09062198e-02 1.26297444e-01
    -1.18595049e-01 -8.29021633e-02 9.60699320e-02 2.25067399e-02
    -2.61843074e-02 -3.76510434e-02 -8.80808234e-02 -4.77872565e-02
    9.95142944e-03 4.66278866e-02 7.38272592e-02 -1.11389719e-02
    -1.11145176e-01 6.88833073e-02 2.52116263e-01 -1.41404979e-02
    -2.74129063e-01 -1.40221447e-01 1.72161162e-01 2.24546626e-01
    -3.31553258e-02 -7.18319565e-02 -8.80694613e-02 -1.24144599e-01
    1.30279288e-01 1.78207278e-01 -1.27722055e-01 -1.64992318e-01
    1.24477722e-01 1.67882949e-01 -1.49380684e-01 -1.82544932e-01
    2.25728065e-01 1.47026464e-01 -2.36506015e-01 -1.96440578e-01
    9.92036834e-02 2.05088601e-01 0. 8.70466791e-03 5.06092422e-03
    -6.89463736e-03 3.83736100e-03 -4.48698085e-03 -9.61931236e-03
    1.21583920e-02 7.24096457e-03 -5.46654454e-03 -3.07228067e-03
    2.92556547e-03 -6.42273761e-03 7.85455573e-03 6.34039380e-03
    5.10061439e-03 6.34501651e-02 4.37671226e-03 -8.78719464e-02
    -2.18213461e-02 8.51202011e-02 2.11795066e-02 -7.88192302e-02
    1.27393054e-02 4.72696610e-02 -4.65385318e-02 -6.19633161e-02
    1.51218113e-03 -5.21137714e-02 -6.53849393e-02 1.10386513e-01
    6.53773844e-02 3.45241725e-02 8.84861201e-02 -2.08844259e-01
    -1.01320140e-01 2.48626858e-01 9.29264410e-04 -2.05683902e-01
    -4.16616686e-02 1.09947801e-01 6.58521354e-02 -3.44678499e-02
    -5.05230799e-02 8.02930146e-02 1.14726797e-01 1.02057913e-02
    1.37657197e-02 -1.14575829e-02 -6.02561235e-02 -4.33796309e-02
    -3.96431535e-02 3.21547501e-02 7.10658263e-03 -3.35989147e-02
    8.14985707e-02 1.84897538e-02 -1.20818675e-01 2.90338811e-03
    6.53029755e-02 -6.98008239e-02 -8.94743018e-03 8.11201632e-02
    -4.21827752e-03 -1.52557686e-01 -1.67190447e-01 1.40816689e-01
    2.99352586e-01 2.66944598e-02 -8.29377845e-02 -2.96988655e-02
    -1.28394827e-01 -9.69652757e-02 1.48336157e-01 1.71648785e-01
    -1.03092074e-01 -1.54326826e-01 9.07319039e-03 1.01386353e-01
    8.89618248e-02 -1.58826560e-01 -1.95527464e-01 1.55900657e-01
    3.17069083e-01 -6.72992542e-02 -2.81282961e-01 8.64111185e-02
    2.32647076e-01 -1.30869254e-01 -1.72521904e-01 7.74438158e-02 0.
    -9.40085016e-03 1.50442785e-02 4.52069426e-03 -3.96227185e-03
    2.99982005e-03 -8.29938240e-03 -6.06973935e-03 3.36960913e-03
    4.45644651e-03 2.99398485e-03 2.73081753e-03 -2.15451675e-03
    5.61229978e-03 1.78123284e-02 3.20707597e-02 -4.21992280e-02
    -9.03685093e-02 6.74685091e-02 1.33727849e-01 -8.02786499e-02
    -1.41898602e-01 -8.04532319e-03 3.02494615e-02 1.09926686e-01
    6.50451034e-02 -1.03189737e-01 -1.00252323e-01 3.59464660e-02
    4.80072461e-02 1.24577269e-01 1.38685450e-01 -2.11430043e-01
    -3.70288581e-01 6.67897016e-02 9.92748961e-02 4.49377075e-02
    4.24739361e-01 4.02398109e-02 -2.40604907e-01 -5.55431917e-02
    -8.45535919e-02 -5.26300222e-02 2.04307027e-02 6.26083016e-02
    6.74469918e-02 8.48900340e-03 -4.12593596e-03 1.47647886e-02
    -8.67472067e-02 -1.12642020e-01 6.07952848e-02 8.28205720e-02
    -1.83549039e-02 -1.90968327e-02 -2.24932972e-02 5.42039759e-02
    4.25556675e-02 -3.64481434e-02 -4.38304283e-02 -3.49092036e-02
    1.02453887e-01 8.16878378e-02 -1.43692970e-01 -1.93941593e-01
    5.47842570e-02 2.36542091e-01 2.90352646e-02 -1.11396641e-01
    -1.46977475e-03 5.56569248e-02 -3.95191498e-02 -4.86733168e-02
    1.70455158e-01 -4.73226123e-02 -2.50874370e-01 7.13110939e-02
    1.57482460e-01 -1.75958704e-02 -5.41105606e-02 -7.91997910e-02
    -2.39885805e-04 6.93699643e-02 -3.82291637e-02 -2.19314117e-02
    9.27645341e-02 4.68830392e-02 -7.06725344e-02 4.83040325e-02
    8.24608356e-02 -2.03375086e-01 0. 1.24256713e-02 -7.51840835e-03
    -9.28077567e-03 4.05556010e-03 -6.21656794e-03 -1.83447776e-03
    1.38596511e-02 5.54992119e-03 -6.23846147e-03 6.60766289e-03
    -6.39181538e-03 -1.25376116e-02 1.59717277e-02 3.84711334e-03
    1.77092012e-02 -1.83363408e-02 -2.33829096e-02 4.74488884e-02
    -2.74943467e-02 -9.25113633e-02 5.14128953e-02 5.66605628e-02
    5.90510806e-03 -5.35356812e-03 -3.93573008e-02 6.12255670e-02
    4.75432836e-02 -6.31087050e-02 -7.12242126e-02 5.98194562e-02
    -1.00740008e-02 -2.32556835e-02 1.70506269e-01 -1.21273808e-01
    -3.29133779e-01 5.50100915e-02 1.95568398e-01 1.00183822e-01
    4.91514355e-02 -5.11225089e-02 5.05206920e-02 7.44693503e-02
    -1.06621422e-01 -2.05509901e-01 -1.01795152e-01 7.56370351e-02
    1.68729514e-01 1.15193926e-01 -4.20494303e-02 -7.42246956e-02
    3.27800028e-02 -1.43282199e-02 -7.98047706e-02 3.78019325e-02
    2.74210814e-02 -5.89324199e-02 -3.41123529e-02 1.24531776e-01
    1.41670838e-01 -1.30563959e-01 -1.41954333e-01 1.21171422e-01
    1.34688407e-01 -1.23964705e-01 -1.70278087e-01 1.04559310e-01
    1.74074858e-01 -1.60489500e-01 -2.27674186e-01 1.07055597e-01
    2.04789922e-01 7.34612644e-02 -1.06281139e-01 -2.19137907e-01
    1.72837507e-02 2.75190115e-01 5.55529110e-02 -1.71310201e-01
    -4.13494110e-02 7.83286616e-03 -1.02014607e-02 -1.49336236e-03
    2.21708752e-02 1.47842869e-01 -3.76937948e-02 -2.25063056e-01
    1.54885920e-02 1.78540766e-01 6.79472312e-02 -3.52703705e-02 0.
    -4.79206489e-03 1.64684164e-03 6.69561978e-03 -2.84502376e-03
    1.81960699e-03 2.05175020e-03 -6.19650027e-03 -1.40625489e-04
    4.47729509e-03 -1.26095973e-02 1.01296380e-02 1.05055477e-02
    -1.95551813e-02 -1.56676937e-02 -4.79189344e-02 1.15986019e-02
    2.01732144e-02 5.31265454e-04 1.68330017e-02 -4.46923729e-03
    3.09930090e-02 -2.14007497e-02 1.02763483e-03 8.76277536e-02
    1.41640240e-02 -4.42704707e-02 -1.36769526e-02 2.31139231e-02
    -2.76405532e-02 -2.67586950e-02 7.37799481e-02 3.97568308e-02
    5.66339865e-02 -3.27090658e-02 -2.29518116e-01 -1.82534546e-01
    1.38330251e-01 3.18536043e-01 6.93256855e-02 -1.76039696e-01
    -2.02685818e-01 2.25685313e-02 1.32022113e-01 6.15135673e-03
    -4.83551323e-02 -9.22193099e-03 -1.92155819e-02 -7.09780306e-02
    4.26961854e-02 9.50031504e-02 -3.07734720e-02 -1.22196689e-01
    -1.45011023e-02 1.80841133e-01 2.05759574e-02 -1.59424022e-01
    -2.44801585e-02 1.90681115e-01 1.20292366e-01 -1.74711138e-01
    -2.00465564e-02 1.87609524e-01 -6.88822493e-02 -2.01513842e-01
    4.55781147e-02 9.66277122e-02 -1.21583678e-01 9.07491334e-03
    1.47468388e-01 -3.36309709e-02 -7.66079873e-02 -1.14227757e-02
    -2.48730509e-03 5.27638011e-02 9.81988907e-02 -7.74288131e-03
    -1.55533656e-01 -1.10935755e-01 1.59302473e-01 1.06643148e-01
    -5.35266772e-02 6.69990703e-02 8.37269612e-03 -3.13963920e-01
    -5.10239936e-02 3.20745766e-01 1.61270853e-02 -1.78542420e-01
    1.11380190e-01 1.27928004e-01 0. -2.24140543e-03 7.19498983e-03
    -1.83654926e-03 -1.44891646e-02 -6.11174433e-03 6.31268648e-03
    -2.55520688e-03 -6.89060427e-03 1.08973961e-02 2.81105470e-02
    -7.52463331e-03 -2.09849216e-02 -1.49774924e-02 -2.14458779e-02
    -3.26937772e-02 2.49466226e-02 -1.74107903e-03 -2.30423883e-02
    6.55078441e-02 1.45205448e-03 -2.79549006e-02 -9.91280284e-03
