<?xml version="1.0"?>
<opencv_storage>
<name>PCA</name>
<vectors type_id="opencv-matrix">
  <rows>34</rows>
  <cols>91</cols>
  <dt>f</dt>
  <data>
    0. -2.78539630e-03 1.44826062e-02 1.06406827e-02 -7.08587281e-03
    -1.42306406e-02 5.75271319e-04 1.19220596e-02 7.83020165e-03
    -9.35868733e-03 -9.25480016e-03 -7.48157967e-03 1.06086303e-02
    1.22076273e-02 -9.45080630e-03 -8.88635218e-03 2.09368318e-02
    5.07610142e-02 2.61101662e-03 -4.78907414e-02 -2.95003392e-02
    -2.08288040e-02 -2.45615374e-02 1.69718731e-02 3.69587988e-02
    1.81642978e-03 -6.91191154e-03 2.92288442e-03 9.54558980e-03
    -1.84377152e-02 -2.46492866e-02 3.48624140e-02 -2.02354137e-02
    -6.75642341e-02 1.05168618e-01 1.57409310e-01 -1.29069924e-01
    -1.98155418e-01 6.21050559e-02 7.96885714e-02 -7.25206279e-04
    3.60956900e-02 -2.29689348e-02 -1.97026283e-02 9.07265767e-02
    6.55871928e-02 -7.23889396e-02 -1.09858200e-01 -9.85942874e-03
    5.68443500e-02 5.59383743e-02 3.67228836e-02 -5.44413216e-02
    -6.22067042e-02 9.94971301e-03 3.68025117e-02 -7.59144954e-04
    -1.01795629e-01 -6.38526604e-02 1.31720260e-01 2.00931832e-01
    -4.17960435e-02 -2.81539857e-01 -7.86348656e-02 2.31063664e-01
    1.99132174e-01 -7.80798942e-02 -2.11744741e-01 -2.87454948e-02
    5.59053244e-03 2.72315578e-03 1.60823330e-01 4.72676307e-02
    -1.32880196e-01 -1.87467579e-02 6.22565746e-02 -9.47161615e-02
    -8.02937672e-02 1.29391238e-01 1.95428640e-01 -7.00412020e-02
    -2.52664596e-01 9.51955542e-02 2.73569077e-01 -9.38972011e-02
    -3.06889057e-01 -7.60057494e-02 2.76591152e-01 1.76331013e-01
    -1.85361594e-01 -6.59756586e-02 0. -1.23992329e-03 -1.67042762e-02
    -1.63455750e-03 7.33548449e-03 2.33593700e-03 -1.88973255e-03
    -3.12844780e-03 -3.58468806e-03 3.28972028e-03 5.81082329e-03
    2.94530601e-03 9.06986708e-04 1.66116618e-02 -6.15859497e-03
    -5.86400777e-02 -3.34623978e-02 9.47279669e-03 3.96689214e-02
    -3.46612819e-02 -3.36209796e-02 1.09449401e-01 5.98269515e-02
    -7.33122900e-02 -4.05528536e-03 6.47861511e-02 5.08038618e-04
    -1.18948147e-02 1.37655914e-03 -2.27945261e-02 -4.34939843e-03
    6.09281175e-02 -3.11320480e-02 -1.71067148e-01 -3.42353284e-02
    1.75470635e-01 1.02533653e-01 -1.05136491e-01 -4.19024639e-02
    7.91069120e-02 1.08557455e-02 -5.18694557e-02 -5.35747260e-02
    -3.69574241e-02 -1.69597585e-02 4.19108942e-02 3.09445355e-02
    2.71011945e-02 2.46262569e-02 -4.06947769e-02 -3.20987813e-02
    2.39805542e-02 -6.58060936e-03 -3.28773260e-02 1.85701903e-02
    3.21500711e-02 5.91884251e-04 -5.96070243e-03 5.45689464e-02
    4.73108031e-02 -9.47061554e-02 -9.59445089e-02 1.13951944e-01
    9.39536095e-02 -1.87871411e-01 -5.18803187e-02 2.62494713e-01
    3.83793004e-02 -2.18722820e-01 1.94801670e-03 1.52754545e-01
    -6.36387467e-02 -2.38134906e-01 7.82635994e-03 3.08187693e-01
    9.29716136e-03 -2.35537291e-01 1.64236501e-02 1.19496860e-01
    4.62543219e-02 -4.20396775e-03 -1.16616279e-01 -6.58024997e-02
    1.29143536e-01 1.82087079e-01 -4.77670394e-02 -3.57308507e-01
    -1.36056408e-01 3.24159265e-01 2.50755668e-01 -1.23324320e-01 0.
    -4.41523083e-03 2.16303859e-02 -4.36830008e-03 -1.73197500e-02
    6.50146324e-03 8.50787014e-03 7.11953035e-03 -6.25002151e-03
    -1.01468917e-02 1.07198935e-02 8.84906575e-03 -9.62566864e-03
    3.22104665e-03 1.68808457e-02 4.25907038e-03 -2.83975471e-02
    -6.18627155e-03 5.61287813e-02 -1.88670419e-02 1.99522600e-02
    4.93546948e-02 -6.96087480e-02 -7.15277120e-02 -3.66342142e-02
    3.61587591e-02 2.63695735e-02 -2.52193045e-02 6.48178235e-02
    5.35868481e-02 -2.59797201e-02 -6.35396987e-02 -9.47225168e-02
    1.13436189e-02 8.67251307e-02 -5.68853170e-02 1.29788034e-02
    1.64722621e-01 -4.23245616e-02 -2.01152578e-01 2.05860045e-02
    9.68202278e-02 -6.48068190e-02 9.03903507e-03 1.60240099e-01
    3.39130647e-02 -1.43961579e-01 -2.67160516e-02 6.29254580e-02
    6.84927106e-02 1.68005452e-02 -3.77011821e-02 -8.17852374e-03
    -1.93341880e-03 -8.96262191e-03 -4.09608632e-02 -1.69798303e-02
    7.18243271e-02 -1.55900558e-02 -3.20803635e-02 3.73875350e-02
    -1.29507095e-01 -1.14946216e-01 1.50753796e-01 1.37236908e-01
    -1.13137580e-01 -4.61198986e-02 1.43755600e-01 -2.11317074e-02
    -1.73031598e-01 -7.92817387e-04 2.32095122e-01 -4.48896810e-02
    -2.86773920e-01 1.32167116e-01 3.74439240e-01 -1.34456605e-01
    -3.69573772e-01 9.43006948e-02 2.10791707e-01 1.46262031e-02
    -3.88940684e-02 -1.24340042e-01 -5.17463200e-02 1.22925505e-01
    8.93479437e-02 4.76596989e-02 -1.52264431e-01 -2.20200360e-01
    1.45124674e-01 1.18494645e-01 0. -2.46153097e-03 -8.44219327e-03
    2.01695040e-03 2.08866922e-03 5.61769912e-03 4.89050150e-03
    -2.49381131e-03 2.98314774e-03 9.91181005e-03 -1.12325754e-02
    -2.60001235e-02 2.19670520e-03 1.92306470e-02 1.03345383e-02
    2.58674081e-02 2.73895022e-02 3.11963004e-03 5.66810742e-03
    -1.30538810e-02 -3.62848081e-02 -2.91631068e-03 1.04063228e-02
    -1.13316709e-02 -3.90250236e-02 1.43615960e-03 -2.68779509e-02
    -1.02737829e-01 1.21282618e-02 1.51735544e-01 3.23353289e-03
    -5.62175103e-02 1.14663288e-01 -5.21872640e-02 -1.00150451e-01
    2.24900171e-01 -7.01739162e-04 -4.29444343e-01 -9.24979597e-02
    2.79526591e-01 1.57184482e-01 3.36733796e-02 3.92935146e-03
    -5.17604277e-02 -1.37247756e-01 -1.82753615e-02 1.29902050e-01
    7.24393204e-02 -1.21980663e-02 -1.32686840e-02 3.29224207e-02
    3.30268964e-02 -7.64004216e-02 -1.16668887e-01 2.97455117e-02
    1.37933955e-01 2.05778126e-02 -8.76472518e-02 -1.06668212e-01
    -2.43906938e-02 1.21845216e-01 -6.63807392e-02 -9.78639200e-02
    9.82290357e-02 7.51191750e-02 9.25512705e-03 1.07674710e-02
    -6.18954785e-02 -1.65053084e-01 -1.85616370e-02 7.24245161e-02
    1.47762001e-01 1.30658865e-01 -9.10266042e-02 -1.26647979e-01
    -2.43156627e-02 1.44024909e-01 1.12011703e-02 -2.04103515e-01
    7.66618773e-02 2.24311113e-01 -3.60434465e-02 -2.58751333e-01
    -1.57215342e-01 1.31508514e-01 2.29734913e-01 4.08547260e-02
    -1.38223484e-01 -7.18031377e-02 2.89888494e-02 1.53047070e-01 0.
    2.71262554e-03 -2.92963069e-03 -8.66682082e-03 7.09136017e-03
    9.78029612e-03 -3.73161311e-04 -1.12919351e-02 -3.48581560e-03
    9.75842308e-03 8.45478754e-03 -1.08052408e-02 -2.22654138e-02
    -1.70730501e-02 -1.85000114e-02 4.23612865e-03 4.86051664e-02
    -1.98122580e-02 -1.16073489e-01 7.76590640e-03 1.92348823e-01
    1.34061903e-01 -1.06164284e-01 -1.33921787e-01 6.26027957e-02
    2.84786392e-02 -4.84570228e-02 6.07281178e-02 6.73935190e-02
    -1.47577645e-02 -8.23308229e-02 -8.72184560e-02 -9.41569656e-02
    -5.32514602e-02 1.52060911e-01 2.18687698e-01 9.87607911e-02
    -7.82378539e-02 -1.56237468e-01 -1.08003616e-01 -3.27629820e-02
    9.93945152e-02 1.21202223e-01 -5.19213416e-02 -1.58852577e-01
    -1.87781602e-02 5.94688170e-02 -4.69910010e-05 2.31905896e-02
    5.19928038e-02 -5.26966713e-03 -4.72444966e-02 -1.31994709e-02
    -3.46436165e-04 -3.58345807e-02 6.09916681e-03 1.10071503e-01
    9.64944288e-02 -1.21413004e-02 4.48093154e-02 -1.71428956e-02
    -2.45746687e-01 -6.56225160e-02 2.13258564e-01 6.29673526e-02
    -6.27857670e-02 5.23808300e-02 -1.18718073e-02 -1.72120154e-01
    3.63953412e-03 1.48955062e-01 -1.55156448e-01 -1.86094791e-01
    2.46318370e-01 2.21179843e-01 -9.52375606e-02 -5.60781807e-02
    -7.42577240e-02 -9.54287965e-03 8.41524154e-02 -3.57251279e-02
    4.49314341e-02 1.20434314e-01 -1.31874830e-01 -2.55750716e-01
    6.24830201e-02 2.58449197e-01 1.35896400e-01 -1.03685856e-01
    -2.79776126e-01 9.84428823e-03 0. 1.36460178e-02 1.08342655e-02
    -1.57694798e-02 -2.19236612e-02 9.98309534e-03 1.78951453e-02
    -3.39398673e-03 -1.69638009e-03 -2.56330683e-03 -9.19732731e-03
    2.72521470e-03 5.54039050e-03 -1.73124839e-02 2.64092200e-02
    5.42062484e-02 1.13249095e-02 -5.27825160e-03 -2.76701711e-02
    -5.38382865e-02 -6.55024648e-02 -2.05424465e-02 8.82581621e-02
