<?xml version="1.0"?>
<opencv_storage>
<name>PCA</name>
<vectors type_id="opencv-matrix">
  <rows>35</rows>
  <cols>91</cols>
  <dt>f</dt>
  <data>
    0. -5.10138879e-03 -6.78150170e-03 -2.33886670e-03 7.74470391e-03
    7.79296097e-04 -1.55188954e-02 -1.97020289e-03 1.35629065e-02
    1.24428868e-02 -6.79278374e-03 -7.94957671e-03 4.43742564e-03
    -6.56409364e-04 -2.21519452e-02 3.07182968e-02 1.37051493e-01
    4.48606834e-02 -1.11810885e-01 -6.82392120e-02 -1.67136472e-02
    4.86543681e-03 3.42370919e-03 -3.55411395e-02 -8.29173345e-03
    -4.98809107e-03 -3.92760634e-02 -3.77328619e-02 3.25501487e-02
    7.30317906e-02 -3.32784094e-02 -1.24991506e-01 6.86599016e-02
    2.66796649e-01 4.19833288e-02 -2.29733452e-01 -1.22556120e-01
    8.48549455e-02 1.17227770e-01 3.86575982e-02 5.19938301e-03
    -8.90109465e-02 -1.59086183e-01 3.79150845e-02 1.67973533e-01
    4.77176160e-02 -9.69109461e-02 2.16458458e-02 6.46654442e-02
    -3.66973095e-02 3.96984145e-02 -6.38419315e-02 -7.15539083e-02
    1.23316854e-01 1.69498231e-02 -1.22021012e-01 -6.02843761e-02
    1.29271755e-02 7.93329552e-02 7.46708363e-02 -6.06888644e-02
    -1.21013939e-01 -3.68606821e-02 1.13557979e-01 1.08259596e-01
    -2.81945262e-02 -5.07150553e-02 -6.10166006e-02 -1.13583088e-01
    1.20685592e-01 1.41588807e-01 -1.20046303e-01 6.27219006e-02
    4.89094853e-02 -2.22535387e-01 5.13166972e-02 3.05160493e-01
    -4.67831790e-02 -3.41930091e-01 -1.82140339e-02 3.23359907e-01
    2.56119575e-02 -2.66080260e-01 -5.40155396e-02 1.25537753e-01
    1.41518176e-01 1.57823153e-02 -1.53319076e-01 -4.96325642e-02
    3.32353003e-02 1.73985045e-02 0. 5.75366663e-03 -4.27548354e-03
    -2.36608065e-03 2.81745242e-03 1.17544057e-02 -1.75791560e-03
    -1.54466322e-02 -2.77237687e-03 5.30394819e-03 6.45635242e-04
    2.13980325e-03 4.18144790e-03 -5.41710854e-03 -2.78778132e-02
    2.01944727e-03 9.65882763e-02 6.37187436e-02 -5.90353757e-02
    -9.61223766e-02 -5.12423068e-02 5.24284504e-02 7.82804936e-02
    -5.39915599e-02 -5.53013980e-02 3.31485197e-02 9.95792076e-03
    -5.27722128e-02 -7.72167137e-03 9.11508650e-02 1.73228785e-01
    -3.23597603e-02 -3.02553266e-01 -4.76667732e-02 1.87451154e-01
    1.28774419e-01 -1.77046582e-02 -1.17090732e-01 -9.67420414e-02
    -1.04084350e-01 -1.63138402e-03 2.32357726e-01 2.33655497e-01
    -6.13155030e-02 -2.35943913e-01 -7.28673711e-02 1.01179466e-01
    3.70338820e-02 -3.19374800e-02 4.98993928e-03 3.50930393e-02
    -3.39883491e-02 -3.82990278e-02 6.89643919e-02 2.72320118e-02
    -1.89749468e-02 -9.19405147e-02 -3.59704271e-02 1.45814240e-01
    6.75604641e-02 -1.14118680e-01 -1.21433400e-01 -3.50617245e-02
    1.20981731e-01 2.11132333e-01 -2.11712345e-02 -2.53260374e-01
    -1.50408164e-01 2.07914308e-01 1.28885180e-01 -1.75420731e-01
    -3.04120202e-02 1.65241316e-01 1.39530703e-01 -9.76208076e-02
    -2.44548097e-01 3.22210863e-02 1.82380989e-01 3.08348741e-02
    -6.70516565e-02 -5.15335314e-02 2.95283142e-02 -1.63847115e-02
    -5.52217923e-02 9.40965116e-03 1.24139309e-01 4.86823656e-02
    -1.55751333e-01 -9.25221741e-02 1.69772953e-02 1.41565919e-01 0.
    -7.30297109e-03 -4.50101076e-03 9.68775991e-03 1.00241164e-02
    -1.60300359e-03 7.87547673e-04 1.08495622e-03 -1.32757321e-03
    -3.47081828e-03 -3.35535780e-03 5.16462699e-03 7.67413666e-03
    -4.40230500e-03 1.93187855e-02 2.49096807e-02 1.98842920e-02
    -3.61327641e-02 -1.10398434e-01 -1.17295489e-01 -2.50694491e-02
    1.27704427e-01 9.07760188e-02 6.12175614e-02 1.19080450e-02
    -1.57317609e-01 -1.18824102e-01 1.36789829e-01 1.51165828e-01
    1.01690032e-02 2.50473544e-02 2.56471913e-02 1.31313041e-01
    -1.56606268e-02 -3.50842297e-01 -2.32684091e-01 1.35739669e-01
    3.36142182e-01 9.25099701e-02 -2.49478012e-01 -1.48370117e-01
    9.82556194e-02 1.37865230e-01 2.11312529e-02 -5.21790758e-02
    -4.25055623e-02 -2.42677387e-02 1.32433461e-05 -2.35783216e-03
    -2.06845570e-02 -5.76093905e-02 1.65891293e-02 8.67637843e-02
    -3.87568772e-02 -8.15792605e-02 3.94319706e-02 5.15145510e-02
    -5.04512060e-03 -6.54239431e-02 7.79010877e-02 1.30133778e-01
    -8.57694149e-02 -3.03472001e-02 1.10564925e-01 1.78448316e-02
    -1.69046268e-01 -6.55060858e-02 4.34199199e-02 6.15495518e-02
    1.29695952e-01 -9.21362825e-03 -1.23621114e-01 -8.99940580e-02
    5.45207225e-02 1.38272375e-01 -6.60210177e-02 -5.87228164e-02
    6.93611354e-02 4.30823211e-03 -2.59870775e-02 -8.86650756e-02
    -7.38302292e-03 8.74484256e-02 -3.68330367e-02 1.16110079e-01
    9.94202942e-02 -3.04968238e-01 -1.60074636e-01 1.80962443e-01
    1.52816296e-01 7.48234764e-02 0. 5.49031363e-04 -1.57485474e-02
    -2.77830870e-04 -3.55573953e-03 -9.11051128e-03 1.97202456e-03
    -3.27156088e-03 1.23602143e-02 1.14499787e-02 -1.72886264e-03
    -4.25725663e-03 -1.11294882e-02 -1.13658896e-02 -1.67987738e-02
    3.59863825e-02 9.14680064e-02 3.13090310e-02 -3.26165780e-02
    1.13785816e-02 -1.18504949e-02 -1.16305947e-01 -1.14724480e-01
    2.80998349e-02 1.38487175e-01 1.07302256e-01 -3.71646769e-02
    -1.29357785e-01 3.43375490e-03 1.21871158e-02 -1.13669388e-01
    -8.60852525e-02 7.42936432e-02 2.54504859e-01 1.31479904e-01
    -1.71445012e-01 -1.86545879e-01 -3.67156938e-02 3.20648775e-02
    5.91206253e-02 1.99750625e-02 -3.23311496e-03 1.20758116e-01
    5.81183806e-02 -1.55724660e-01 -3.92210186e-02 1.44973680e-01
    7.16250483e-03 -4.19070832e-02 1.18305916e-02 -1.43857338e-02
    -1.90061089e-02 -4.14961502e-02 6.47046976e-03 4.03026901e-02
    -6.25460222e-02 -2.53044572e-02 9.30466130e-02 3.41459014e-03
    -7.51830935e-02 1.12049840e-02 2.36433577e-02 -7.90413842e-03
    -1.43117197e-02 -4.87919375e-02 7.15327412e-02 7.33757168e-02
    -1.64803982e-01 -1.78077370e-02 2.02931032e-01 1.14658527e-01
    -1.93342030e-01 -3.58509809e-01 1.45817101e-01 3.97039026e-01
    -1.79072116e-02 -2.53241718e-01 -3.86209935e-02 1.29324153e-01
    9.01170745e-02 -1.80609860e-02 -1.48299471e-01 -3.79047170e-02
    4.32626382e-02 -3.19612063e-02 1.18237704e-01 1.01822503e-01
    -8.99553448e-02 -1.59427837e-01 -1.05841709e-02 1.63072333e-01 0.
    2.04221881e-03 3.55878496e-03 1.25878083e-03 8.42322502e-03
    -5.24430186e-04 -1.23159364e-02 -2.15940387e-03 1.87043613e-03
    -4.76211682e-03 6.07114425e-03 4.86801285e-03 2.93191965e-03
    -1.84747893e-02 -9.53623280e-03 2.72401180e-02 -9.07303020e-03
    -4.31006625e-02 -5.25140343e-03 2.97737382e-02 6.83752894e-02
    -3.71485623e-03 -1.06400423e-01 4.43637893e-02 1.12544797e-01
    -8.52380981e-05 -6.50383979e-02 -7.32923218e-04 6.18864596e-03
    -6.93064258e-02 1.16676092e-02 1.71677209e-02 3.24168950e-02
    8.25793073e-02 -3.15241143e-02 -2.01424479e-01 -5.52768912e-03
    2.18890175e-01 -5.13530709e-02 -1.93664834e-01 4.98281717e-02
    2.03692585e-01 6.07225001e-02 -9.55341235e-02 -1.54781297e-01
    -5.01120314e-02 9.03095007e-02 3.18263657e-02 2.43354291e-02
    2.79750209e-02 -3.97044793e-02 -2.18390003e-02 3.18636335e-02
    6.92662224e-02 -1.44437915e-02 -8.94091651e-02 1.10857926e-01
    8.43672901e-02 -1.60072058e-01 -1.44803599e-01 5.45133557e-03
    1.76629975e-01 1.20692700e-01 -9.55902115e-02 -1.15984596e-01
    -3.18566225e-02 -9.13794991e-03 8.77788514e-02 8.12813193e-02
    -1.04284711e-01 -4.56444398e-02 9.78877023e-02 1.52795836e-01
    -6.24758005e-03 -2.90173680e-01 -2.73522325e-02 1.83064222e-01
    -7.94985294e-02 -3.55776884e-02 1.71902373e-01 9.70985554e-03
    -2.67861724e-01 2.93378457e-02 3.19324493e-01 -1.37661412e-01
    -1.31808981e-01 2.09069565e-01 -8.68156403e-02 -2.08057031e-01
    1.08107753e-01 1.98885173e-01 0. 5.92256244e-03 6.47222530e-03
    -1.52507387e-02 -4.56001522e-04 2.65271938e-03 -1.19885476e-02
    4.59097885e-03 -2.04658764e-03 4.86814464e-03 9.78821050e-03
    9.98379383e-03 -6.25248672e-03 -1.51058109e-02 5.84096590e-04
    2.12449743e-03 5.68393394e-02 5.80640621e-02 -2.96306591e-02
    -1.00187451e-01 -4.32611965e-02 7.97488540e-02 6.32103533e-02
