<?xml version="1.0"?>
<opencv_storage>
<name>PCA</name>
<vectors type_id="opencv-matrix">
  <rows>33</rows>
  <cols>91</cols>
  <dt>f</dt>
  <data>
    0. -2.74871243e-03 2.02685455e-03 3.98947578e-03 2.17654137e-03
    2.43105553e-03 -8.83819722e-03 -1.01430723e-02 9.76349693e-03
    7.33314175e-03 -7.01720733e-03 -3.45928315e-03 -5.42047201e-03
    -2.54272763e-03 3.22211646e-02 1.33299399e-02 1.65505614e-02
    7.58351535e-02 -1.14938132e-02 -1.41135946e-01 -1.02059551e-01
    2.38184743e-02 4.09394465e-02 7.77970254e-02 1.03143208e-01
    -6.49455339e-02 -1.44288212e-01 -4.54966053e-02 1.07348137e-01
    9.63096395e-02 -7.50913993e-02 -1.03326321e-01 1.06782362e-01
    2.66926974e-01 -5.81664369e-02 -3.91433001e-01 -6.54180869e-02
    2.13540003e-01 9.01165679e-02 1.81279611e-02 -2.35007305e-04
    -4.05169502e-02 -1.61233246e-02 -6.68475521e-04 -1.77927725e-02
    3.12128142e-02 2.31259987e-02 -1.05865672e-02 -5.56400307e-02
    -2.86022425e-02 8.50296468e-02 1.92556232e-02 -7.56306052e-02
    -6.01566583e-03 4.44884188e-02 4.31416929e-02 -1.47192329e-02
    -9.40717682e-02 -5.39736263e-02 4.22148965e-02 3.85724939e-02
    -5.00617400e-02 1.50088165e-02 1.94930196e-01 7.02024698e-02
    -1.76667422e-01 -2.05500275e-01 1.39484182e-03 2.18081042e-01
    1.17020518e-01 -1.12581268e-01 -1.59111038e-01 -2.24564224e-02
    1.09280981e-01 9.69824269e-02 -7.20361471e-02 -1.09742321e-01
    1.03406653e-01 9.17849913e-02 -1.54917151e-01 1.16878655e-02
    2.61958480e-01 9.91782174e-04 -2.57248461e-01 -1.49754822e-01
    4.14967388e-02 1.50328338e-01 1.47643313e-01 2.28892490e-02
    -1.22041024e-01 -1.46421790e-01 0. -6.38028141e-03 -1.54329068e-03
    2.23544985e-03 5.02499286e-03 -5.80019259e-04 -3.40350019e-03
    6.75967894e-03 -4.06547729e-03 -4.80197137e-03 1.84956496e-03
    4.87207109e-03 3.18307173e-03 -1.70421284e-02 -1.13971550e-02
    -1.17138615e-02 9.83230537e-04 2.91750710e-02 -8.40344932e-03
    1.05245868e-02 7.50706419e-02 2.04645935e-02 -9.82489288e-02
    -7.52484426e-02 5.68346642e-02 4.23804224e-02 8.18046369e-03
    1.18970068e-03 1.87850520e-02 7.07481522e-03 -9.58855823e-02
    -4.09278795e-02 7.64539540e-02 1.23448908e-01 2.25334195e-03
    -1.74739227e-01 -6.52690232e-02 8.61584619e-02 4.80850972e-02
    1.81065388e-02 3.69693339e-02 -8.88513178e-02 -7.79310092e-02
    4.22044657e-02 -7.12831691e-03 2.45193131e-02 8.88998657e-02
    2.05148775e-02 -6.18593656e-02 -3.42565104e-02 2.56727524e-02
    3.35866213e-02 -9.40651353e-03 -6.43582940e-02 -7.19640637e-04
    2.98833307e-02 1.31913191e-02 3.33641097e-02 -1.00763114e-02
    -3.84221040e-02 -7.46518094e-03 7.09929392e-02 -4.43203934e-02
    -1.24237463e-01 1.43532932e-01 1.99350923e-01 -9.78117585e-02
    -2.90824831e-01 -2.79611647e-02 2.32859492e-01 8.68379697e-02
    -1.03538588e-01 -7.80847892e-02 1.85800176e-02 3.04679051e-02
    4.10621874e-02 -5.60241044e-02 -5.60982106e-03 1.79680809e-01
    -1.53131783e-02 -3.04680824e-01 -1.18742727e-01 2.92311639e-01
    3.19452822e-01 -1.26709610e-01 -3.04709226e-01 -1.40728831e-01
    -3.62366550e-02 2.18895182e-01 2.93011248e-01 2.08582878e-02 0.
    -2.18527741e-04 -8.77980236e-03 -8.79860111e-03 9.44377948e-03
    6.68459339e-03 9.53007955e-04 1.99734350e-03 -2.61807209e-03
    -6.48440374e-03 6.50472299e-04 -1.51536567e-03 -1.33540053e-02
    2.72132899e-03 4.15093498e-04 -2.65583526e-02 2.69914512e-03
    2.03389172e-02 -3.83060388e-02 1.20243523e-02 8.38448927e-02
    4.74146865e-02 -5.35292700e-02 -8.66983384e-02 4.30126004e-02
    5.39170168e-02 5.95589280e-02 4.16717492e-03 -1.78988740e-01
    -4.70782220e-02 1.06641985e-01 8.79284814e-02 -1.53966993e-02
    -1.52842313e-01 9.53875855e-02 3.35607916e-01 -1.64094374e-01
    -3.72718066e-01 6.85139149e-02 1.48438364e-01 -6.44137850e-03
    -3.21957283e-02 4.60751504e-02 2.38276795e-02 -6.33041486e-02
    -3.24048512e-02 5.03780134e-03 4.12920630e-03 -2.86898725e-02
    -2.63016354e-02 6.61605820e-02 6.28176183e-02 -5.42477332e-02
    -2.88142040e-02 5.62601425e-02 2.70251511e-03 -1.71980374e-02
    -2.17996240e-02 4.73359749e-02 1.99638605e-02 -1.28527164e-01
    -1.78983007e-02 6.60751611e-02 9.77813676e-02 1.63176805e-01
    -5.72385415e-02 -2.66862094e-01 -1.23520546e-01 2.27436855e-01
    1.99353650e-01 -1.21624053e-01 -3.88587564e-02 2.94204894e-02
    -1.46991864e-01 -6.55055046e-02 1.51137844e-01 1.50072351e-01
    1.72840226e-02 -1.35092750e-01 -2.07457572e-01 -4.84599285e-02
    2.11408347e-01 1.86832756e-01 -5.09376526e-02 -1.84959501e-01
    -7.87645206e-02 1.35122940e-01 7.33055621e-02 -8.65623429e-02
    -5.94048388e-02 -1.36471558e-02 0. -5.73325297e-03 2.35952670e-03
    1.10084452e-02 4.36576549e-03 -8.46170355e-03 7.06039835e-04
    -6.66041113e-03 -5.51995449e-03 7.09404796e-03 1.25642195e-02
    -3.68759432e-03 5.89391589e-03 8.52688681e-03 -2.45690271e-02
    -9.95222107e-03 1.75470989e-02 3.00673358e-02 6.14376068e-02
    -1.90846603e-02 -1.13791108e-01 2.37830095e-02 1.16116069e-01
    -4.34556603e-02 -4.77721803e-02 1.84322335e-02 -4.67967503e-02
    -4.91204532e-03 -3.30236778e-02 -7.16857985e-02 1.01042703e-01
    5.96009418e-02 -1.54634431e-01 -3.05463579e-02 2.97091603e-01
    8.56233537e-02 -4.18760628e-01 -1.24831274e-01 2.85007238e-01
    1.61196798e-01 -2.86257993e-02 -1.02691606e-01 -5.71565516e-02
    1.97686628e-02 1.18300170e-02 -1.84391364e-02 6.26533926e-02
    8.27048719e-02 8.16870388e-03 -1.19208274e-02 4.10281587e-03
    -5.42141683e-02 -6.16628118e-02 9.94974747e-02 1.75615903e-02
    -1.19764812e-01 7.02271089e-02 2.03886069e-02 -1.60549805e-01
    4.61551100e-02 1.62691668e-01 -9.74374115e-02 -8.59564319e-02
    1.28056094e-01 -8.59987661e-02 -1.35996833e-01 1.17992379e-01
    4.15933207e-02 -1.20547183e-01 -1.27001395e-02 2.08569601e-01
    8.82614180e-02 -2.06427410e-01 7.82950956e-04 1.55594736e-01
    -7.71544427e-02 -1.68891460e-01 2.13588756e-02 2.17327431e-01
    2.89132353e-02 -1.59452632e-01 -5.42131700e-02 -2.93399952e-02
    -3.92652638e-02 1.36781350e-01 -2.17504762e-02 -3.31024751e-02
    1.97376654e-01 7.40491413e-03 2.30104588e-02 -1.49180204e-01 0.
    1.79365638e-03 1.10772382e-02 1.71796344e-02 -1.86300930e-02
    -1.92089006e-02 1.68088879e-02 1.56780202e-02 -9.46835801e-03
    -6.27702102e-03 7.88242184e-03 -2.99225003e-03 1.08880980e-03
    -3.93732742e-04 -1.34929167e-02 -4.07285383e-03 2.59609311e-03
    -5.53748896e-03 -1.17990524e-02 -2.53783129e-02 -6.84316177e-03
    5.98459914e-02 -1.63404439e-02 -4.07956168e-02 7.49221221e-02
    1.93708800e-02 -3.52087095e-02 1.15689589e-02 4.13386337e-02
    -1.50886895e-02 -9.54853743e-02 8.02872106e-02 5.23527972e-02
    -1.89238518e-01 -1.92236863e-02 1.71322182e-01 1.04410477e-01
    -1.92505270e-02 -1.11405104e-01 -8.76964629e-03 6.37496710e-02
    -6.96077198e-02 -1.30344003e-01 9.69377980e-02 1.56250253e-01
    -2.21971516e-02 -8.36018026e-02 -9.19361338e-02 -9.90409497e-03
    2.72397306e-02 2.87803579e-02 1.74231268e-02 -3.52692232e-02
    1.46712353e-02 3.74618210e-02 -1.95653047e-02 -2.48797722e-02
    -4.01227772e-02 -1.90333538e-02 1.05151132e-01 1.22604795e-01
    -4.03542332e-02 -3.72852758e-02 7.26521760e-02 -6.30609170e-02
    -2.63101965e-01 -3.55707146e-02 2.82655150e-01 1.09471202e-01
    -1.85150225e-02 -1.15570143e-01 -1.48656979e-01 9.33112502e-02
    7.83082768e-02 -1.02983713e-01 -1.50076777e-01 1.18673325e-01
    2.49943152e-01 -3.51102278e-02 -1.33555338e-01 -1.61865763e-02
    1.52325267e-02 8.09750985e-03 7.52239302e-02 1.18214697e-01
    -6.39780387e-02 -2.97686517e-01 -5.79245277e-02 3.49470317e-01
    2.51863331e-01 -3.30551326e-01 0. 5.75219095e-03 -1.69901997e-02
    -9.51050874e-03 3.66003695e-03 9.26469453e-03 1.23277912e-02
    2.21164827e-03 -4.67315316e-03 2.39111437e-03 -5.62102441e-03
    -5.72548853e-03 -1.55923041e-02 -2.49429457e-02 -7.54469726e-03
    -3.24445660e-03 -2.37673540e-02 -2.60698609e-02 1.43498303e-02
    5.85968085e-02 4.10687178e-02 -1.24125471e-02 -1.15135638e-02
