<?xml version="1.0"?>
<opencv_storage>
<name>PCA</name>
<vectors type_id="opencv-matrix">
  <rows>34</rows>
  <cols>91</cols>
  <dt>f</dt>
  <data>
    0. 5.61504904e-03 -2.80700112e-03 1.41019027e-05 2.72648246e-03
    -1.17013697e-03 -3.17763747e-03 -8.73826502e-04 -1.65146089e-03
    -2.96626077e-03 1.19234147e-02 5.07140206e-03 -8.18623602e-03
    -5.32373460e-03 3.34675261e-03 -3.33752390e-03 -2.60864515e-02
    -3.81279434e-03 1.24025615e-02 2.73915604e-02 1.03788758e-02
    -1.02643622e-02 2.66215764e-02 2.75905617e-02 -5.52459061e-02
    -3.48197296e-02 2.21843552e-02 1.86138018e-03 5.62333018e-02
    -2.79621892e-02 -6.53847009e-02 2.04321276e-02 1.01864979e-01
    7.71536306e-02 -2.28479996e-01 -2.21257240e-01 1.94148824e-01
    2.34152868e-01 -3.20052691e-02 -1.17423989e-01 -6.01894632e-02
    5.39920032e-02 5.44575192e-02 -1.39416447e-02 -2.13420540e-02
    -5.35949469e-02 -3.27428766e-02 1.16156265e-01 7.87133798e-02
    -8.60875547e-02 -3.05352397e-02 -1.59894675e-02 -2.45452691e-02
    5.17590344e-02 1.61435213e-02 -1.17785195e-02 -2.07657577e-03
    -1.68826226e-02 2.92622019e-02 -4.46209172e-03 -4.23187669e-03
    3.18329409e-02 -6.26563579e-02 1.12727666e-02 8.59510526e-02
    3.65018658e-02 -1.81661583e-02 -1.69357166e-01 -1.00628719e-01
    7.29507431e-02 8.80122036e-02 1.01509102e-01 -1.72220897e-02
    -1.99095100e-01 -1.76064596e-02 2.87434578e-01 7.51526728e-02
    -2.66809016e-01 -7.11608902e-02 1.96948409e-01 -2.05419511e-02
    -1.88688546e-01 -4.85534333e-02 2.16243804e-01 2.52505094e-01
    -2.12787196e-01 -2.88658530e-01 1.16153136e-01 2.45617509e-01
    -2.26444006e-02 -1.98013023e-01 0. 1.05337854e-02 -9.26958025e-03
    -7.41654448e-03 -6.62867725e-03 1.26654311e-04 1.20779006e-02
    6.66483445e-03 -1.02349278e-02 -1.97412204e-02 5.19903284e-03
    7.59680755e-03 9.72818304e-03 4.38241055e-03 -1.04513336e-02
    2.03761738e-02 -7.00260606e-03 -3.81342880e-02 1.98621210e-02
    5.92009723e-02 -1.08450176e-02 -2.70897895e-02 1.90867409e-02
    -8.28695484e-03 -1.58364903e-02 -4.16004434e-02 -6.53265491e-02
    5.31178340e-02 9.22849178e-02 -4.80065271e-02 -7.76733607e-02
    9.23258811e-03 3.09608560e-02 9.46312323e-02 -1.74373072e-02
    -7.25450963e-02 5.80320396e-02 -2.24815439e-02 -4.38448340e-02
    1.95145532e-02 8.92839506e-02 -5.15026087e-03 -1.27988443e-01
    -1.14651330e-01 5.00646494e-02 2.05553427e-01 1.66488558e-01
    -4.59843650e-02 -2.32877493e-01 -5.42568453e-02 6.61058202e-02
    4.62234728e-02 -2.52879318e-03 -1.35276169e-02 4.58493903e-02
    -1.87453218e-02 -6.57081380e-02 3.50068361e-02 5.67331351e-02
    -2.35680863e-02 -1.80581529e-02 -9.73660797e-02 -6.92082942e-02
    1.28520519e-01 1.68578729e-01 -1.96404383e-02 -2.13607371e-01
    -1.29078016e-01 1.83095261e-01 1.55836865e-01 -1.07820585e-01
    -7.88735077e-02 7.58925229e-02 7.99405202e-02 -1.57081619e-01
    -4.94060516e-02 2.31789097e-01 -8.31359923e-02 -3.09601337e-01
    7.11599812e-02 4.14358586e-01 1.35800481e-01 -3.07399482e-01
    -1.98764041e-01 1.32143684e-02 7.73781538e-02 9.36680511e-02
    7.93516561e-02 2.99285501e-02 -5.91981411e-02 -8.79351348e-02 0.
    7.35803461e-03 -1.07884407e-02 -3.85259977e-03 -6.90231239e-03
    -1.28739970e-02 -5.37314359e-03 7.60403462e-03 2.68697347e-02
    8.39780644e-03 -6.88057207e-03 -1.33394469e-02 -4.59279073e-03
    -1.17890704e-02 -4.67370749e-02 -6.24096803e-02 1.68597128e-03
    1.08896434e-01 9.56067517e-02 -7.78292716e-02 -9.00977775e-02
    1.14346355e-01 1.30822465e-01 3.74881015e-03 -1.85815111e-01
    -1.19301587e-01 1.81979358e-01 8.39444622e-02 -1.11604355e-01
    -7.14321434e-02 3.88908722e-02 1.12319566e-01 -2.38025212e-03
    -1.34604111e-01 -6.26381710e-02 1.31899416e-01 5.18910699e-02
    -8.68275538e-02 2.01345123e-02 2.04560738e-02 -5.56011498e-02
    -3.04120947e-02 3.75371352e-02 5.48337623e-02 -4.42610914e-03
    -4.94433194e-02 2.56863683e-02 7.75342248e-03 -4.63356264e-02
    -2.05450952e-02 -3.11894137e-02 -2.54806206e-02 2.47997753e-02
    5.33564351e-02 4.71756384e-02 7.39051476e-02 -3.06782853e-02
    -1.20560713e-01 7.69822532e-03 1.15830719e-01 2.72811893e-02
    -7.75167942e-02 -1.22682415e-02 1.06011257e-01 9.43970457e-02
    -1.72589108e-01 -3.21428627e-01 6.69847056e-02 3.63172114e-01
    5.79291843e-02 -1.72489822e-01 -1.82046369e-01 -3.20921317e-02
    2.41296694e-01 6.22988641e-02 -4.69262376e-02 -2.45638676e-02
    -4.51310426e-02 4.94210459e-02 2.46919375e-02 -1.39898196e-01
    -6.48192540e-02 2.38255113e-01 1.00662947e-01 -9.96465310e-02
    -1.80779606e-01 -1.24899067e-01 2.30026573e-01 1.22963801e-01
    -2.21642762e-01 1.35574571e-03 0. 8.52623489e-03 1.17084812e-02
    -1.30592491e-02 -1.54395998e-02 2.97791557e-03 2.93440488e-03
    7.91865867e-03 6.83767535e-03 4.24860700e-05 -4.85904329e-03
    -3.56878922e-03 -7.65514560e-03 -4.81069507e-03 -1.05362358e-02
    -5.65363094e-02 7.56112998e-03 6.83691800e-02 -3.25157233e-02
    -8.03473443e-02 6.91222250e-02 8.80458057e-02 4.75143716e-02
    3.76836024e-02 -9.62421969e-02 -4.16842215e-02 8.54341686e-02
    -6.05967008e-02 -7.09761009e-02 2.10594088e-02 1.10095274e-02
    1.29523084e-01 8.86747167e-02 -1.88103184e-01 -3.30946296e-01
    1.39373988e-01 4.48548108e-01 -1.74020883e-02 -2.69147992e-01
    -2.10193265e-02 1.00512087e-01 -1.53223686e-02 -8.40652287e-02
    -7.37621188e-02 6.33903127e-03 6.61027133e-02 7.17697516e-02
    3.96845676e-02 -3.52002420e-02 -8.43485519e-02 -6.17711283e-02
    -1.28998598e-02 8.14202353e-02 1.85501538e-02 6.01044297e-03
    1.20560646e-01 -4.87901904e-02 -6.28245100e-02 7.21132159e-02
    -5.32873115e-03 -1.04520783e-01 7.67051205e-02 1.50881320e-01
    -5.64711131e-02 -1.39484271e-01 -5.39949089e-02 6.36798590e-02
    -2.98482087e-02 -3.56339812e-02 -1.23844082e-02 2.58764382e-02
    1.84994161e-01 4.06051427e-02 -1.77665100e-01 -1.69010848e-01
    5.63058443e-02 2.26954013e-01 1.09848469e-01 -9.59429294e-02
    -2.02215344e-01 -9.37236175e-02 1.89974234e-01 1.47597179e-01
    -1.00081988e-01 -1.14393353e-01 -4.59992001e-03 7.51658976e-02
    -2.66872607e-02 -8.49727467e-02 7.38448128e-02 5.65659776e-02 0.
    1.97709259e-03 -3.86393350e-03 5.13980212e-03 1.15175089e-02
    1.10732559e-02 6.19875174e-03 -1.08091999e-02 -1.74140148e-02
    2.17392226e-04 -1.48793822e-02 9.72089451e-03 1.14485873e-02
    4.00670432e-03 2.68595088e-02 2.04581916e-02 2.39626374e-02
    -3.28673609e-02 -5.05521558e-02 2.61710603e-02 2.84065902e-02
    5.42474575e-02 -3.29717398e-02 -1.18486866e-01 3.01422998e-02
    -5.04678972e-02 -7.99650326e-02 1.49270639e-01 1.48678059e-02
    -9.07381624e-02 4.06621769e-02 -5.18495776e-03 5.97886816e-02
    7.24947304e-02 -8.83606672e-02 -1.63424999e-01 -3.74731943e-02
    1.40161902e-01 8.80399719e-02 -7.83112496e-02 -6.92351460e-02
    1.38601571e-01 1.35360956e-01 -2.45002937e-02 -9.16047692e-02
    -1.48130730e-01 1.07145577e-03 1.75108135e-01 7.56117329e-02
    -6.34845272e-02 -3.77938710e-02 1.07227433e-02 -1.16060339e-02
    -3.55108734e-03 2.91428268e-02 3.83021235e-02 -5.43351360e-02
    -1.08400278e-01 2.00180374e-02 1.24387853e-01 4.33208607e-02
    -1.46312848e-01 -1.34824902e-01 3.39849964e-02 5.82740009e-02
    5.37655652e-02 4.85015288e-02 -8.38866532e-02 -1.15677707e-01
    7.03815222e-02 1.24181300e-01 -1.09038092e-01 -2.76420303e-02
    1.69028163e-01 9.97301042e-02 -1.47507653e-01 -6.25847802e-02
    2.26732314e-01 -9.41046178e-02 -4.20322776e-01 -4.51306143e-04
    4.36967462e-01 7.25461021e-02 -1.01988614e-01 -7.68065313e-03
    -1.13794073e-01 -8.26158375e-02 3.77412476e-02 1.51607975e-01
    6.97119981e-02 -2.08637983e-01 0. 1.23789823e-02 2.77987425e-03
    -9.53476038e-03 -1.43202040e-02 -2.03826986e-02 -6.19613740e-04
    2.58152243e-02 2.58471090e-02 1.73420098e-03 -2.46094614e-02
    1.07394904e-03 1.25224553e-02 -1.12852193e-02 -2.15668194e-02
    -1.56497862e-02 2.16686744e-02 4.02254537e-02 3.52118127e-02
    -3.39854956e-02 -2.60373093e-02 5.15012927e-02 -2.11779407e-04
