<?xml version="1.0"?>
<opencv_storage>
<name>PCA</name>
<vectors type_id="opencv-matrix">
  <rows>23</rows>
  <cols>256</cols>
  <dt>f</dt>
  <data>
    0. 0. 0. 0. 0. 0. 0. 0. 0. 0. 0. 0. 0. 0. 0. 0. 0. 0. 0. 0. 0. 0. 0.
    0. 0. 0. 0. 0. 0. 0. 0. 0. 0. 0. 0. -5.21996953e-05 -3.05208996e-05
    -3.65576307e-05 -2.19988229e-04 -1.95498622e-04 -3.08862422e-04
    -6.28132198e-04 -7.15583155e-04 -1.33041991e-03 -1.56437769e-03
    -2.38444214e-03 -3.32477363e-03 -3.91220860e-03 -5.83052402e-03
    -6.95500523e-03 -9.49333701e-03 -9.95954126e-03 -1.29263783e-02
    -1.57438423e-02 -1.85373779e-02 -1.98525768e-02 -2.41845474e-02
    -2.61960663e-02 -2.99143158e-02 -3.48262489e-02 -3.73325348e-02
    -4.32203114e-02 -4.55993079e-02 -5.03078327e-02 -5.74095696e-02
    -5.80500737e-02 -6.34349734e-02 -6.76491261e-02 -7.34754652e-02
    -7.29619637e-02 -8.19680765e-02 -8.62636641e-02 -8.85391757e-02
    -9.37577114e-02 -9.80731547e-02 -1.01403601e-01 -1.09560303e-01
    -1.08266830e-01 -1.16129331e-01 -1.19105957e-01 -1.16440281e-01
    -1.22983307e-01 -1.27066404e-01 -1.23908199e-01 -1.29830584e-01
    -1.27146780e-01 -1.31463483e-01 -1.28450662e-01 -1.33261770e-01
    -1.27583295e-01 -1.35118857e-01 -1.29436225e-01 -1.34348825e-01
    -1.36367589e-01 -1.31685272e-01 -1.28223211e-01 -1.23424426e-01
    -1.23766124e-01 -1.20965756e-01 -1.16629235e-01 -1.16295323e-01
    -1.11205921e-01 -1.09709702e-01 -9.66450721e-02 -1.01646200e-01
    -9.37371403e-02 -9.01423991e-02 -8.06687325e-02 -8.06962848e-02
    -7.37332925e-02 -6.81006908e-02 -6.44913539e-02 -5.92036061e-02
    -4.87671793e-02 -4.55795228e-02 -3.13468128e-02 -3.65051292e-02
    -2.66331583e-02 -3.00675258e-02 -1.51503095e-02 -1.73610251e-03
    2.42316542e-04 3.55663756e-03 8.02707858e-03 2.22502481e-02
    1.58081241e-02 2.40453705e-02 3.75102088e-02 4.39903215e-02
    3.82295065e-02 5.52643463e-02 5.14630601e-02 6.00067899e-02
    6.30720928e-02 6.93065822e-02 6.81520551e-02 7.40486681e-02
    7.18988031e-02 8.05729702e-02 7.86754712e-02 8.62815753e-02
    9.08051357e-02 9.15577784e-02 8.85494202e-02 9.47152376e-02
    9.28686708e-02 9.29598361e-02 1.04350910e-01 1.03451863e-01
    9.83025730e-02 1.02200776e-01 1.03028402e-01 1.02874488e-01
    1.00929275e-01 9.68284756e-02 9.49559733e-02 9.96357948e-02
    9.88581777e-02 1.02174543e-01 9.52117369e-02 9.30171162e-02
    1.01122350e-01 9.32849050e-02 9.45250839e-02 8.93851146e-02
    9.20790955e-02 8.98070857e-02 8.42310563e-02 8.63266885e-02
    8.24105665e-02 8.33100453e-02 7.95389861e-02 7.70022795e-02
    7.70564601e-02 7.43146390e-02 7.04180226e-02 7.08389580e-02
    6.47491962e-02 6.44971132e-02 5.99135980e-02 5.97057082e-02
    5.81142642e-02 5.40074706e-02 5.24512939e-02 5.25895879e-02
    4.82832231e-02 4.60206084e-02 4.65958826e-02 4.27045301e-02
    4.26890552e-02 3.86561789e-02 4.13032621e-02 3.93582433e-02
    3.35756764e-02 3.34707350e-02 3.53727639e-02 3.32587138e-02
    3.28158773e-02 2.67063696e-02 2.53405422e-02 2.55456194e-02
    2.52899434e-02 2.59874258e-02 2.08405275e-02 2.07502544e-02
    2.00693570e-02 1.92962456e-02 1.81557741e-02 1.66070964e-02
    1.66434292e-02 1.38553213e-02 1.58941969e-02 1.37425568e-02
    1.28644435e-02 1.35049680e-02 1.06559554e-02 1.02433795e-02
    1.03809200e-02 9.13379155e-03 8.01031664e-03 9.76663548e-03
    7.99371954e-03 6.95521664e-03 8.51731747e-03 7.50174234e-03
    6.24375418e-03 4.81700618e-03 5.51844435e-03 4.42435080e-03
    5.61210932e-03 3.71658592e-03 4.01949789e-03 4.03332151e-03
    2.86395801e-03 2.58877990e-03 3.55160609e-03 3.06438142e-03
    2.77541648e-03 3.39702656e-03 2.66656675e-03 2.19535222e-03
    2.60844897e-03 1.97938364e-03 2.17951508e-03 1.81098282e-03
    1.73105800e-03 1.70756609e-03 1.43397634e-03 1.52206223e-03
    1.33109954e-03 1.34642783e-03 1.30673137e-03 1.00732804e-03
    1.38520449e-03 9.44472209e-04 2.29581655e-03 0. 0. 0. 0. 0. 0. 0. 0.
    0. 0. 0. 0. 0. 0. 0. 0. 0. 0. 0. 0. 0. 0. 0. 0. 0. 0. 0. 0. 0. 0. 0.
    0. 0. 0. 0. 1.78641611e-04 4.27326922e-05 6.17619662e-05
    4.65044403e-04 6.03403198e-04 6.97293901e-04 1.37721596e-03
    1.19133608e-03 3.26442928e-03 3.21994466e-03 4.34652017e-03
    5.47026983e-03 7.20035331e-03 1.20228184e-02 1.25887655e-02
    1.74203366e-02 1.77409686e-02 2.25942079e-02 2.76886374e-02
    3.14479955e-02 2.95013469e-02 3.68869416e-02 4.25050966e-02
    4.38132845e-02 5.26697189e-02 5.16292751e-02 6.20236732e-02
    6.53637648e-02 6.35381714e-02 7.68465623e-02 7.29879662e-02
    7.30204433e-02 8.68329778e-02 8.00787732e-02 7.36838952e-02
    8.46538097e-02 9.02496725e-02 8.91764462e-02 8.93537030e-02
    9.49272141e-02 8.25310871e-02 9.77134481e-02 8.51152465e-02
    8.57476741e-02 8.23578462e-02 6.92792833e-02 7.03264549e-02
    8.35178867e-02 6.40875921e-02 5.76860607e-02 5.53463660e-02
    5.01575880e-02 3.71290073e-02 3.85637805e-02 3.46240625e-02
    2.70769820e-02 1.17972549e-02 7.44560082e-03 3.92204011e-03
    -7.58384913e-03 -2.69339290e-02 -3.61398831e-02 -3.95269990e-02
    -5.03240712e-02 -5.33123724e-02 -6.53730631e-02 -6.53428137e-02
    -7.86467791e-02 -8.75653848e-02 -8.70209411e-02 -1.03996053e-01
    -9.93770286e-02 -1.28011510e-01 -1.33431569e-01 -1.32995069e-01
    -1.26931205e-01 -1.29589543e-01 -1.33622378e-01 -1.50393337e-01
    -1.44377902e-01 -1.51384011e-01 -1.53236046e-01 -1.70973197e-01
    -1.57681748e-01 -1.63085267e-01 -1.60915896e-01 -1.56596363e-01
    -1.52355120e-01 -1.67610720e-01 -1.50543123e-01 -1.57862291e-01
    -1.40364394e-01 -1.44262627e-01 -1.27690658e-01 -1.44780353e-01
    -1.30314842e-01 -1.24526471e-01 -1.17983654e-01 -1.18470296e-01
    -9.67607796e-02 -1.04543932e-01 -1.05225377e-01 -8.53020176e-02
    -7.12540522e-02 -6.19225837e-02 -6.73128292e-02 -6.02876619e-02
    -6.13154955e-02 -5.35950027e-02 -3.86512317e-02 -3.55191790e-02
    -3.50078531e-02 -1.46453511e-02 -2.82144733e-03 -1.71160989e-03
    -5.66930044e-03 8.16407520e-03 4.89286333e-03 7.88397156e-03
    1.19701931e-02 2.49750782e-02 3.05046961e-02 2.79570967e-02
    4.43611704e-02 3.04927658e-02 3.81766930e-02 5.71744479e-02
    4.43420485e-02 4.97120135e-02 5.43045960e-02 5.66262007e-02
    6.37890771e-02 6.23166151e-02 5.88925332e-02 6.35913461e-02
    6.36774749e-02 5.93683496e-02 6.05348758e-02 6.36734441e-02
    6.68828264e-02 6.83645159e-02 6.68469965e-02 6.30782917e-02
    6.29339516e-02 6.18716665e-02 6.05895966e-02 5.73354773e-02
    5.29718921e-02 5.92340827e-02 5.41940220e-02 4.60476689e-02
    5.24244048e-02 5.34502715e-02 5.14324270e-02 4.83594835e-02
    4.31447327e-02 4.79797013e-02 4.89697941e-02 4.12721708e-02
    4.09004800e-02 4.65907827e-02 4.56710793e-02 4.22094017e-02
    3.63210104e-02 3.27207148e-02 3.48764695e-02 3.68082039e-02
    3.39077190e-02 2.74185184e-02 2.77033709e-02 2.86215264e-02
    2.54300870e-02 2.56966352e-02 2.32055224e-02 2.32309233e-02
    2.04408504e-02 2.39122696e-02 2.00014822e-02 1.92579124e-02
    1.94670130e-02 1.62379090e-02 1.45153794e-02 1.51911899e-02
    1.39414230e-02 1.24859009e-02 1.55514237e-02 1.07212309e-02
    1.02467667e-02 1.42379701e-02 1.23634888e-02 7.64577789e-03
    8.00258387e-03 8.17539543e-03 7.25029409e-03 8.29232298e-03
    5.66196442e-03 6.25391165e-03 6.20304700e-03 3.46271228e-03
    4.44816239e-03 5.74229565e-03 5.14136767e-03 4.77415929e-03
    5.92335640e-03 4.19536280e-03 3.35512357e-03 4.02084738e-03
    2.79674050e-03 3.98494024e-03 3.07857920e-03 2.66359560e-03
    2.88725505e-03 2.84931902e-03 2.53414991e-03 1.88701786e-03
    2.43784254e-03 2.22994527e-03 1.29973597e-03 2.25104624e-03
    1.54225761e-03 3.24640097e-03 0. 0. 0. 0. 0. 0. 0. 0. 0. 0. 0. 0. 0.
    0. 0. 0. 0. 0. 0. 0. 0. 0. 0. 0. 0. 0. 0. 0. 0. 0. 0. 0. 0. 0. 0.
    6.60488440e-04 1.73953886e-04 1.13496091e-04 1.76318479e-03
    2.02259351e-03 1.93944399e-03 3.61098768e-03 2.55136658e-03
    8.22300836e-03 8.23595561e-03 9.38026793e-03 9.78288054e-03
    1.54221477e-02 2.93204375e-02 2.76087150e-02 3.67838480e-02
