<?xml version="1.0"?>
<opencv_storage>
<name>PCA</name>
<vectors type_id="opencv-matrix">
  <rows>24</rows>
  <cols>256</cols>
  <dt>f</dt>
  <data>
    0. 0. 0. 0. 0. 0. 0. 0. 0. 0. 0. 0. 0. 0. 0. 0. 0. 0. 0. 0. 0. 0. 0.
    0. 0. 0. 0. 0. 0. 0. 0. 0. 0. -1.26490238e-04 -8.90028314e-05
    -7.06966239e-05 -1.89696017e-04 -4.23730962e-04 -6.33982010e-04
    -6.33775780e-04 -1.48833846e-03 -1.64421112e-03 -2.25914922e-03
    -3.41615244e-03 -4.46344679e-03 -5.27173001e-03 -7.62833795e-03
    -9.80055705e-03 -1.13998707e-02 -1.27131939e-02 -1.61583591e-02
    -1.96677819e-02 -2.38960199e-02 -2.74788048e-02 -3.22541445e-02
    -3.42659093e-02 -4.05224450e-02 -4.10803668e-02 -5.16857915e-02
    -5.12811951e-02 -6.19620383e-02 -6.52789250e-02 -6.86528981e-02
    -7.23912343e-02 -7.52914175e-02 -8.26780945e-02 -8.59916210e-02
    -8.76667574e-02 -9.96946990e-02 -1.00063063e-01 -1.05680667e-01
    -1.05727054e-01 -1.16058178e-01 -1.20959327e-01 -1.18111968e-01
    -1.21576793e-01 -1.25295132e-01 -1.25976935e-01 -1.31382704e-01
    -1.30951062e-01 -1.29009739e-01 -1.32545888e-01 -1.37925357e-01
    -1.36081070e-01 -1.31265059e-01 -1.34783790e-01 -1.36698917e-01
    -1.37416676e-01 -1.32593781e-01 -1.27450764e-01 -1.28636137e-01
    -1.31768301e-01 -1.30469114e-01 -1.22083917e-01 -1.15283214e-01
    -1.13345467e-01 -1.07718155e-01 -1.04869492e-01 -1.01123191e-01
    -1.00644857e-01 -9.72880796e-02 -8.53307098e-02 -7.40472823e-02
    -7.59210438e-02 -7.11184889e-02 -5.27471118e-02 -5.56119867e-02
    -4.95408550e-02 -4.40314300e-02 -2.69964207e-02 -3.33253294e-02
    -1.80335268e-02 -9.92711727e-03 -6.93268701e-03 1.25074352e-03
    8.90022330e-03 1.75143220e-02 2.33720578e-02 2.46174522e-02
    3.17656733e-02 3.29215862e-02 4.32805084e-02 5.21761738e-02
    5.52336052e-02 5.99446632e-02 5.62953576e-02 6.89702928e-02
    6.92635477e-02 7.50461519e-02 8.02312791e-02 7.92005807e-02
    8.48328993e-02 8.50802213e-02 9.54441130e-02 9.12013575e-02
    9.63853151e-02 9.22746658e-02 9.70624760e-02 9.72120389e-02
    1.02360971e-01 1.06884420e-01 1.01919368e-01 1.03426680e-01
    1.03548057e-01 1.04649276e-01 1.04498290e-01 1.03510387e-01
    1.00216821e-01 9.70669016e-02 1.01508997e-01 9.67437103e-02
    9.75730866e-02 9.74060819e-02 9.60784703e-02 9.12974849e-02
    9.42476615e-02 9.01132077e-02 8.61534625e-02 8.75336975e-02
    8.60497206e-02 8.30314383e-02 8.15400183e-02 7.71552101e-02
    7.45577440e-02 7.76439980e-02 7.35577866e-02 6.81475326e-02
    6.79220334e-02 6.82220161e-02 6.23567216e-02 6.20796345e-02
    5.61051331e-02 6.04972169e-02 5.61097749e-02 5.37607633e-02
    5.56355938e-02 4.86803986e-02 4.87752669e-02 4.69834767e-02
    4.44393344e-02 4.21494283e-02 4.03758064e-02 3.52695026e-02
    3.73510085e-02 3.70361060e-02 3.12846079e-02 3.12767401e-02
    2.84390934e-02 2.84173302e-02 2.92788837e-02 2.54159477e-02
    2.46025361e-02 2.37082224e-02 2.08586883e-02 2.02784091e-02
    1.92210171e-02 1.91622619e-02 1.85575522e-02 1.77435856e-02
    1.28739681e-02 1.47374682e-02 1.46798547e-02 1.33601455e-02
    1.28003834e-02 1.07581634e-02 1.07474783e-02 1.11757861e-02
    8.92904680e-03 7.78625859e-03 7.71660777e-03 7.71546084e-03
    8.42238683e-03 6.39793416e-03 5.96895162e-03 5.34713641e-03
    5.90951182e-03 3.45408265e-03 4.38354211e-03 4.52600047e-03
    3.75206419e-03 3.28590302e-03 3.42283631e-03 3.14805727e-03
    2.63256091e-03 2.69815023e-03 2.17326614e-03 1.75711850e-03
    2.33853888e-03 1.64774084e-03 1.39180920e-03 2.63976096e-03
    1.05853518e-03 1.14805682e-03 1.41163066e-03 1.39503973e-03
    7.89385114e-04 7.74114800e-04 1.59279432e-03 1.47614593e-03
    6.03465945e-04 4.43508587e-04 3.12360935e-04 3.52957868e-04
    4.27405845e-04 5.15669584e-04 7.80995062e-04 5.42027992e-04
    3.00969550e-04 1.50861117e-04 4.57199523e-04 8.07922479e-05
    2.31618644e-04 1.70583007e-04 2.88938259e-04 1.99388262e-04
    5.24376694e-04 0. 0. 0. 0. 0. 0. 0. 0. 0. 0. 0. 0. 0. 0. 0. 0. 0. 0.
    0. 0. 0. 0. 0. 0. 0. 0. 0. 0. 0. 0. 0. 0. 0. 2.36523614e-04
    1.15860021e-04 1.77315102e-04 3.67535889e-04 7.27579696e-04
    1.25725567e-03 9.75829549e-04 2.69799773e-03 3.08610569e-03
    3.66719789e-03 5.39171649e-03 7.58130383e-03 8.25917535e-03
    1.30257616e-02 1.64195076e-02 1.75673217e-02 1.88888889e-02
    2.33022198e-02 2.89055482e-02 3.38970274e-02 4.00274582e-02
    4.38649990e-02 4.60092500e-02 5.40489368e-02 4.98648509e-02
    6.58412799e-02 6.41746074e-02 7.40021169e-02 7.43063539e-02
    7.82040134e-02 7.49403834e-02 7.63464645e-02 8.55067819e-02
    8.23461413e-02 8.20768327e-02 8.55916664e-02 8.20387006e-02
    8.03313255e-02 7.49100447e-02 8.20702165e-02 8.06274191e-02
    7.29879439e-02 7.65628666e-02 7.96796679e-02 7.41471276e-02
    5.80953062e-02 4.33671437e-02 3.96686867e-02 3.83483805e-02
    5.76944165e-02 1.81022789e-02 1.59039851e-02 1.50913717e-02
    8.88443831e-03 -7.17393076e-03 -2.11777333e-02 -1.95334181e-02
    -3.42211351e-02 -2.79785767e-02 -4.30577919e-02 -5.69193885e-02
    -5.32941557e-02 -7.03688115e-02 -6.97110742e-02 -9.44355205e-02
    -9.20927748e-02 -1.03805862e-01 -1.10445395e-01 -1.28767848e-01
    -1.19799294e-01 -1.19564585e-01 -1.27709910e-01 -1.40716001e-01
    -1.40881047e-01 -1.24403924e-01 -1.65520474e-01 -1.68406144e-01
    -1.51407108e-01 -1.63527384e-01 -1.54856756e-01 -1.60938203e-01
    -1.71152219e-01 -1.63509354e-01 -1.71822891e-01 -1.42484829e-01
    -1.49356902e-01 -1.45734698e-01 -1.49302512e-01 -1.46343350e-01
    -1.34258151e-01 -1.37315184e-01 -1.34316057e-01 -1.19037494e-01
    -1.04516730e-01 -1.17555991e-01 -1.03076905e-01 -1.08381197e-01
    -8.44493732e-02 -8.82635787e-02 -7.37119988e-02 -6.83257207e-02
    -7.18261078e-02 -4.70374636e-02 -5.37742525e-02 -3.87518629e-02
    -3.83561589e-02 -3.50007638e-02 -2.20841635e-02 -2.46282034e-02
    -1.08422507e-02 -3.32755083e-03 -5.09885605e-03 1.64996739e-02
    1.22284116e-02 2.38621552e-02 2.52553802e-02 3.62434462e-02
    3.05691957e-02 3.71337123e-02 4.32392769e-02 4.62484099e-02
    5.34695089e-02 5.78558296e-02 5.15972599e-02 5.74347526e-02
    5.73209524e-02 6.07688874e-02 6.42982125e-02 6.96075037e-02
    6.19338527e-02 6.59335777e-02 6.93794042e-02 7.54686892e-02
    6.56404272e-02 7.02100247e-02 7.43189976e-02 6.82953596e-02
    7.37821758e-02 6.66150376e-02 7.71960616e-02 7.13351741e-02
    6.72782212e-02 6.92824274e-02 6.64381757e-02 6.70500323e-02
    6.63728341e-02 6.33608848e-02 5.93850426e-02 5.41277006e-02
    5.32824770e-02 5.73240630e-02 5.66586889e-02 4.63178642e-02
    4.63184044e-02 4.83731739e-02 4.78391498e-02 4.91029881e-02
    4.12537120e-02 4.32608612e-02 4.25508507e-02 3.55389155e-02
    3.32437344e-02 3.50647829e-02 3.15262377e-02 3.42430733e-02
    3.18657197e-02 2.45194454e-02 2.72382945e-02 2.65421215e-02
    2.44246442e-02 2.48519666e-02 1.88300274e-02 2.05915440e-02
    2.16284432e-02 1.76851302e-02 1.53412335e-02 1.49578573e-02
    1.56378560e-02 1.55505184e-02 1.25392210e-02 1.29653672e-02
    1.22340079e-02 1.19805904e-02 6.14792528e-03 8.19907244e-03
    9.00725368e-03 8.12623277e-03 7.23105064e-03 7.55832391e-03
    6.51359744e-03 5.59733389e-03 5.67392725e-03 4.29461338e-03
    3.41445627e-03 5.05958823e-03 3.65168368e-03 2.74409028e-03
    5.24281571e-03 2.43341620e-03 2.62431148e-03 3.22423386e-03
    3.19530652e-03 1.38304790e-03 1.64330797e-03 3.43478634e-03
    3.13744624e-03 1.29269680e-03 1.01634988e-03 5.50791563e-04
    7.28015322e-04 9.55087831e-04 1.15518586e-03 1.88907865e-03
    1.13197626e-03 7.28967017e-04 6.27793081e-04 1.04358909e-03
    9.61458572e-05 5.28705190e-04 3.12650984e-04 5.99524123e-04
    4.95975430e-04 1.13581889e-03 0. 0. 0. 0. 0. 0. 0. 0. 0. 0. 0. 0. 0.
    0. 0. 0. 0. 0. 0. 0. 0. 0. 0. 0. 0. 0. 0. 0. 0. 0. 0. 0. 0.
    -3.47516790e-04 8.75190290e-06 -4.80758143e-04 -6.33124029e-04
    -1.86562026e-03 -2.83997459e-03 -1.63895695e-03 -4.62502427e-03
    -6.80239126e-03 -6.70995610e-03 -9.88136232e-03 -1.46069480e-02
