<?xml version="1.0"?>
<opencv_storage>
<name>PCA</name>
<vectors type_id="opencv-matrix">
  <rows>17</rows>
  <cols>256</cols>
  <dt>f</dt>
  <data>
    0. 0. 0. 0. 0. 0. 0. 0. 0. 0. 0. 0. 0. 0. 0. 0. 0. 0. 0. 0. 0.
    -5.01866307e-05 -5.01866307e-05 0. -5.01866307e-05 -1.00373261e-04
    -5.01866307e-05 0. 0. -5.01866307e-05 0. 3.68141591e-05
    -5.01866307e-05 -9.64069659e-06 -1.43926576e-04 -2.00660652e-04
    -1.46380349e-04 -4.51927539e-04 -8.91674717e-04 -1.46937685e-03
    -1.29305513e-03 -2.11060932e-03 -2.91883596e-03 -3.30528943e-03
    -3.68785835e-03 -5.12771308e-03 -6.65283855e-03 -7.29313446e-03
    -1.13198133e-02 -1.26236016e-02 -1.44841252e-02 -1.62136666e-02
    -1.84042044e-02 -2.38607340e-02 -2.54243817e-02 -2.83765551e-02
    -3.18672694e-02 -3.67448144e-02 -3.85872126e-02 -4.06556427e-02
    -4.75256369e-02 -5.10649793e-02 -5.48175201e-02 -6.06058426e-02
    -6.52593523e-02 -7.09864274e-02 -7.31825680e-02 -7.95356929e-02
    -8.47330466e-02 -8.63998979e-02 -8.86812955e-02 -9.48975831e-02
    -9.95910168e-02 -1.01703212e-01 -1.08593434e-01 -1.13656074e-01
    -1.18006118e-01 -1.14488348e-01 -1.14017859e-01 -1.18367016e-01
    -1.23854630e-01 -1.21509612e-01 -1.25412345e-01 -1.28733382e-01
    -1.28368855e-01 -1.30330622e-01 -1.28942862e-01 -1.31337509e-01
    -1.28051579e-01 -1.30640626e-01 -1.28633693e-01 -1.31112710e-01
    -1.29539415e-01 -1.24390446e-01 -1.27083391e-01 -1.23511471e-01
    -1.13041312e-01 -1.18701711e-01 -1.14928663e-01 -1.07394315e-01
    -1.07441172e-01 -9.99593362e-02 -9.65321735e-02 -9.44862738e-02
    -9.12005603e-02 -8.24591368e-02 -7.95531645e-02 -7.43955672e-02
    -7.08058327e-02 -5.94659299e-02 -5.70289306e-02 -5.11862636e-02
    -4.68185246e-02 -4.28749397e-02 -3.45637985e-02 -2.76535209e-02
    -1.96061376e-02 -1.60939954e-02 -6.46197656e-03 -5.87922335e-03
    1.18562928e-03 7.31983734e-03 1.64639372e-02 2.22425181e-02
    2.37129591e-02 3.00854240e-02 3.71076129e-02 4.14347872e-02
    5.11829630e-02 4.68330644e-02 5.63974418e-02 6.56674653e-02
    6.53815866e-02 6.94647878e-02 7.19843730e-02 7.74905756e-02
    8.44531432e-02 8.25739801e-02 8.36365372e-02 9.22230929e-02
    8.76085833e-02 9.39171091e-02 9.82807279e-02 9.93200913e-02
    9.51713994e-02 9.96512547e-02 1.05569653e-01 9.72069204e-02
    9.96620879e-02 1.02224998e-01 9.92942005e-02 1.07904308e-01
    9.94099230e-02 1.00947961e-01 1.01291694e-01 9.79551598e-02
    1.01319015e-01 9.40902233e-02 9.93783846e-02 9.38723162e-02
    9.72532853e-02 9.27794427e-02 9.13719609e-02 8.57982263e-02
    8.74776915e-02 9.07681286e-02 8.71846974e-02 8.55201930e-02
    8.34771246e-02 8.11677948e-02 8.32690969e-02 7.65262321e-02
    7.38030002e-02 7.51872882e-02 7.03498423e-02 6.93805739e-02
    6.35859892e-02 6.34803176e-02 5.96256852e-02 6.13191351e-02
    5.57793155e-02 5.25715128e-02 5.39618991e-02 5.49406856e-02
    4.98269238e-02 4.88770753e-02 4.49091569e-02 4.32876199e-02
    4.25680056e-02 4.01547290e-02 3.82456556e-02 3.52552310e-02
    3.20270695e-02 3.30994129e-02 3.02789845e-02 2.87456028e-02
    2.61069778e-02 2.78679393e-02 2.49013826e-02 2.48810351e-02
    2.42168382e-02 2.08169073e-02 2.13616937e-02 1.78796314e-02
    2.00260226e-02 1.79000683e-02 2.05654539e-02 1.61327180e-02
    1.37008103e-02 1.31718246e-02 1.32484064e-02 1.20118950e-02
    1.15059139e-02 1.17318938e-02 1.10179568e-02 1.03905173e-02
    7.40702497e-03 9.06144734e-03 8.75003543e-03 7.82822631e-03
    5.57307713e-03 6.93787774e-03 4.88298573e-03 6.07809471e-03
    3.82572785e-03 4.94459271e-03 3.88286705e-03 3.74111999e-03
    3.14558134e-03 3.26190726e-03 3.52215138e-03 3.08287377e-03
    2.64730421e-03 2.41151825e-03 2.56699836e-03 2.25078594e-03
    1.72748126e-03 1.82689680e-03 1.60827965e-03 1.46500266e-03
    1.84593385e-03 1.17577275e-03 1.38522126e-03 8.16788001e-04
    7.71211169e-04 9.70343361e-04 8.48874450e-04 6.71366695e-04
    5.35129744e-04 4.94354812e-04 6.36107114e-04 7.86397257e-04
    6.43478415e-04 8.30875535e-04 6.27408794e-04 1.05083524e-03 0. 0. 0.
    0. 0. 0. 0. 0. 0. 0. 0. 0. 0. 0. 0. 0. 0. 0. 0. 0. 0. 1.22268437e-04
    1.22268437e-04 0. 1.22268437e-04 2.44536874e-04 1.22268437e-04 0. 0.
    1.22268437e-04 0. 1.03050334e-05 1.22268437e-04 -5.80392089e-06
    4.82434989e-04 3.74494295e-04 1.70548941e-04 9.22244217e-04
    1.49782910e-03 2.31172401e-03 1.87267072e-03 2.65220366e-03
    4.08229511e-03 5.12759946e-03 5.32903057e-03 7.05037359e-03
    9.21368320e-03 9.69564263e-03 1.59416497e-02 1.76616032e-02
    1.98869221e-02 2.20890827e-02 2.25326363e-02 3.17670852e-02
    3.21516097e-02 3.43674049e-02 3.96617092e-02 4.50905152e-02
    4.55337204e-02 4.60228398e-02 5.18135242e-02 5.75743914e-02
    6.03103153e-02 6.69157133e-02 7.10704550e-02 7.25673288e-02
    7.33174458e-02 7.80167729e-02 8.07896703e-02 8.04638341e-02
    7.79932514e-02 8.16195309e-02 8.17942396e-02 8.11774433e-02
    9.13245380e-02 8.14473331e-02 8.15684274e-02 7.78683126e-02
    6.92507327e-02 5.94734661e-02 6.34105951e-02 5.42617477e-02
    6.33732826e-02 5.30784316e-02 4.94981147e-02 4.15671207e-02
    3.25026624e-02 3.05974931e-02 2.37684716e-02 2.66329069e-02
    7.81495590e-03 6.79997541e-03 1.55031600e-03 -7.24013429e-03
    -2.50421967e-02 -2.77454723e-02 -3.60427946e-02 -4.11116034e-02
    -5.10663651e-02 -6.78751245e-02 -7.70182088e-02 -7.49707744e-02
    -8.24632347e-02 -9.92180333e-02 -1.01227097e-01 -1.18603095e-01
    -1.07909650e-01 -1.28206909e-01 -1.26203641e-01 -1.34263799e-01
    -1.39640883e-01 -1.41007334e-01 -1.39295667e-01 -1.56451687e-01
    -1.60258621e-01 -1.49860471e-01 -1.58276722e-01 -1.67682201e-01
    -1.59603968e-01 -1.57819644e-01 -1.53861359e-01 -1.53886586e-01
    -1.55686721e-01 -1.48398086e-01 -1.40795425e-01 -1.56960338e-01
    -1.49253145e-01 -1.42048031e-01 -1.40198231e-01 -1.34553343e-01
    -1.32776543e-01 -1.24787383e-01 -1.12675063e-01 -1.01491652e-01
    -1.07242666e-01 -8.63738805e-02 -8.68086219e-02 -7.34329894e-02
    -7.57698119e-02 -5.73676117e-02 -7.00462982e-02 -5.64799570e-02
    -4.63380627e-02 -4.12098207e-02 -2.82550585e-02 -3.36140655e-02
    -1.34616401e-02 -1.88230462e-02 -1.59024820e-02 6.39785826e-03
    -7.54299072e-06 1.49391238e-02 8.98934714e-03 2.11786665e-02
    2.97494810e-02 2.39020120e-02 3.89130637e-02 3.42781991e-02
    4.37124558e-02 4.26434427e-02 5.17347306e-02 5.10144942e-02
    5.25114127e-02 5.79199828e-02 5.50256185e-02 6.45787567e-02
    5.84978871e-02 6.83894232e-02 6.23780712e-02 6.77296519e-02
    7.41083771e-02 7.36379400e-02 6.47711158e-02 7.43506178e-02
    6.76608756e-02 7.31500164e-02 6.19909614e-02 6.94798902e-02
    6.34090155e-02 6.92306980e-02 6.30856305e-02 6.24270961e-02
    6.32453933e-02 6.90867454e-02 6.42320886e-02 6.46547452e-02
    5.98115884e-02 5.49345687e-02 5.82506247e-02 5.43889515e-02
    5.20114675e-02 4.83174957e-02 4.78171520e-02 5.02101816e-02
    4.41031121e-02 4.42423299e-02 3.78051177e-02 4.12414297e-02
    3.79070863e-02 3.89614701e-02 3.76668423e-02 3.21033932e-02
    3.24949324e-02 2.89150905e-02 3.29484344e-02 2.82467213e-02
    3.32514755e-02 2.57318001e-02 2.40324438e-02 2.28585601e-02
    2.30438784e-02 2.18838006e-02 2.02456061e-02 2.10565291e-02
    1.96767598e-02 1.83667000e-02 1.28622130e-02 1.57916620e-02
    1.47386016e-02 1.48034180e-02 1.03208283e-02 1.29920673e-02
    8.86781979e-03 1.10333227e-02 6.64825086e-03 9.15025640e-03
    7.57184532e-03 6.94403192e-03 5.54112764e-03 5.85513329e-03
    6.93295710e-03 5.59634622e-03 4.61261673e-03 4.40198416e-03
    4.94013214e-03 3.90293729e-03 3.45024862e-03 3.24544357e-03
    2.91853212e-03 3.00990441e-03 4.19397419e-03 2.34513963e-03
    2.84104724e-03 1.59949891e-03 1.51024014e-03 2.04352406e-03
    1.55068969e-03 1.49928569e-03 1.08262466e-03 1.02534494e-03
    1.01937202e-03 1.55471894e-03 1.27700099e-03 1.18708180e-03
    9.62697610e-04 1.57142174e-03 0. 0. 0. 0. 0. 0. 0. 0. 0. 0. 0. 0. 0.
    0. 0. 0. 0. 0. 0. 0. 0. 4.15152084e-04 4.15152084e-04 0.
