<?xml version="1.0"?>
<opencv_storage>
<name>PCA</name>
<vectors type_id="opencv-matrix">
  <rows>19</rows>
  <cols>256</cols>
  <dt>f</dt>
  <data>
    0. 0. 0. 0. 0. 0. 0. 0. 0. 0. 0. 0. 0. 0. 0. 0. 0. 0. 0. 0. 0. 0. 0.
    0. 0. 0. 0. 0. 0. 0. 0. 0. -3.80654601e-05 -7.02119942e-05 0.
    -4.19437856e-05 -1.50221254e-04 -1.34228467e-04 -1.63044373e-04
    -5.66923060e-04 -5.50415367e-04 -1.00287946e-03 -1.15926005e-03
    -1.34130393e-03 -2.52516661e-03 -2.43252795e-03 -3.33207846e-03
    -4.78023989e-03 -5.15100174e-03 -5.69920475e-03 -7.76905240e-03
    -8.97614006e-03 -1.02691632e-02 -1.18203908e-02 -1.44275436e-02
    -1.76492501e-02 -1.78979728e-02 -2.05526389e-02 -2.33963002e-02
    -2.66952664e-02 -3.09503376e-02 -3.29798684e-02 -3.50953043e-02
    -4.07351591e-02 -4.13188525e-02 -4.35030311e-02 -5.12052774e-02
    -5.30001335e-02 -5.57019189e-02 -6.12672493e-02 -6.67864978e-02
    -6.76259249e-02 -7.06928745e-02 -7.68026859e-02 -7.95755461e-02
    -8.47075209e-02 -8.85229856e-02 -9.28383619e-02 -9.52455848e-02
    -9.78573188e-02 -1.00367531e-01 -1.04994066e-01 -1.08963147e-01
    -1.07729919e-01 -1.11811101e-01 -1.16713136e-01 -1.16942666e-01
    -1.22113869e-01 -1.25792891e-01 -1.23219162e-01 -1.28047302e-01
    -1.26809642e-01 -1.22669369e-01 -1.25298485e-01 -1.29877523e-01
    -1.26108304e-01 -1.27544612e-01 -1.28354385e-01 -1.31939963e-01
    -1.28858492e-01 -1.27032295e-01 -1.21165499e-01 -1.16607770e-01
    -1.17004216e-01 -1.13534994e-01 -1.15775771e-01 -1.04740292e-01
    -1.04456842e-01 -1.01159923e-01 -9.45791826e-02 -9.61135626e-02
    -8.95190760e-02 -8.07543620e-02 -7.61235729e-02 -7.48449638e-02
    -6.27824813e-02 -5.96248470e-02 -5.49185574e-02 -4.73543704e-02
    -4.44259159e-02 -3.92867327e-02 -3.66969518e-02 -2.25188136e-02
    -1.42248198e-02 -6.04073331e-03 -1.00561557e-02 4.71471722e-04
    7.73264654e-03 1.65779218e-02 1.61289778e-02 2.52603926e-02
    2.94898562e-02 3.58851478e-02 4.44495976e-02 5.42770326e-02
    5.89747950e-02 5.99386021e-02 6.00422472e-02 7.22744167e-02
    7.24564716e-02 7.54357129e-02 7.72175118e-02 8.03088024e-02
    8.46102387e-02 8.50206986e-02 8.66300017e-02 8.95402879e-02
    9.49132815e-02 9.56879556e-02 9.77972075e-02 1.02894552e-01
    1.03429385e-01 1.03820406e-01 9.88147333e-02 1.02017231e-01
    1.06956989e-01 9.94383618e-02 1.01366349e-01 1.07181795e-01
    1.00710966e-01 1.01279788e-01 1.02494001e-01 9.93634388e-02
    1.02272779e-01 9.95317474e-02 9.91637930e-02 9.35576260e-02
    9.59085673e-02 9.20672417e-02 9.32169929e-02 8.62473547e-02
    8.43286067e-02 8.67089406e-02 8.41184556e-02 8.54260847e-02
    8.01788047e-02 8.16297904e-02 7.63874948e-02 7.23408908e-02
    7.18800202e-02 6.92501366e-02 6.74844831e-02 6.59597218e-02
    5.99867366e-02 6.45039082e-02 5.58360331e-02 5.58401905e-02
    5.62761016e-02 5.05863018e-02 5.24610095e-02 4.68358696e-02
    4.89810742e-02 4.48714942e-02 4.24613021e-02 4.05767448e-02
    4.12981398e-02 3.90787870e-02 3.67689431e-02 3.68935280e-02
    3.60642299e-02 3.13742571e-02 2.75742989e-02 2.82678884e-02
    2.53728367e-02 2.72943694e-02 2.51134001e-02 2.38949005e-02
    2.39153598e-02 2.01519076e-02 1.98038705e-02 1.95157509e-02
    1.79535709e-02 1.59573574e-02 1.63138025e-02 1.41734406e-02
    1.36848493e-02 1.27730211e-02 1.25550171e-02 1.15842782e-02
    1.14221750e-02 1.05598299e-02 9.51842964e-03 9.16527305e-03
    7.94528425e-03 8.77866894e-03 7.49548199e-03 6.22508675e-03
    7.66034517e-03 5.88559918e-03 6.00069854e-03 6.31657150e-03
    4.63875104e-03 4.44881711e-03 3.86031251e-03 4.48789634e-03
    4.42567049e-03 3.07605672e-03 3.85176786e-03 3.44718387e-03
    3.29138082e-03 2.42221542e-03 2.42297235e-03 2.76358752e-03
    1.74934405e-03 2.46032747e-03 2.13539810e-03 2.38358462e-03
    1.49934273e-03 1.95977464e-03 1.41100434e-03 1.31869828e-03
    1.94623088e-03 1.70675281e-03 1.45444006e-03 1.83369615e-03
    3.39109474e-03 0. 0. 0. 0. 0. 0. 0. 0. 0. 0. 0. 0. 0. 0. 0. 0. 0. 0.
    0. 0. 0. 0. 0. 0. 0. 0. 0. 0. 0. 0. 0. 0. 7.56362861e-05
    1.23951584e-04 0. 6.88228611e-05 2.68410717e-04 2.35958811e-04
    2.97672668e-04 9.44596482e-04 9.15821060e-04 1.78715051e-03
    2.02063052e-03 2.15244782e-03 4.55051102e-03 4.32487344e-03
    5.66118350e-03 8.58966075e-03 9.24352556e-03 9.90818720e-03
    1.25097707e-02 1.36886397e-02 1.72269382e-02 1.99068636e-02
    2.36577056e-02 2.88669374e-02 2.87287291e-02 3.24621424e-02
    3.59256975e-02 4.26785983e-02 4.69144806e-02 5.00214323e-02
    5.13312519e-02 5.73187843e-02 5.69383726e-02 5.76712899e-02
    6.99733496e-02 7.23128766e-02 7.12580904e-02 7.89349377e-02
    8.31247568e-02 8.00939128e-02 8.31416994e-02 8.48487839e-02
    8.81035402e-02 9.01279598e-02 9.40827578e-02 9.37254950e-02
    8.81796330e-02 8.55902359e-02 8.84815231e-02 7.89224133e-02
    8.86518359e-02 7.03836083e-02 8.65078941e-02 7.60202706e-02
    6.33421093e-02 7.37005621e-02 6.29634485e-02 5.61004356e-02
    5.31663038e-02 4.28110175e-02 3.43810767e-02 2.42563169e-02
    3.07849329e-02 1.65809672e-02 9.08377394e-03 9.29859118e-04
    -2.42307549e-03 -2.16041449e-02 -2.21067164e-02 -3.67131792e-02
    -4.12384197e-02 -4.93727922e-02 -7.13897049e-02 -5.81910834e-02
    -7.26542622e-02 -9.45096165e-02 -8.90692472e-02 -1.12380974e-01
    -1.23392530e-01 -1.16280042e-01 -1.28233001e-01 -1.34005874e-01
    -1.29949942e-01 -1.35055438e-01 -1.44287691e-01 -1.46859974e-01
    -1.50998473e-01 -1.57770067e-01 -1.67588666e-01 -1.47125378e-01
    -1.58554584e-01 -1.72660798e-01 -1.60669237e-01 -1.53998762e-01
    -1.60208896e-01 -1.50365144e-01 -1.47502184e-01 -1.43368244e-01
    -1.43704623e-01 -1.42072335e-01 -1.40415415e-01 -1.37833685e-01
    -1.30999714e-01 -1.26214758e-01 -1.13107815e-01 -1.10199980e-01
    -1.05450116e-01 -9.46878344e-02 -1.04013331e-01 -8.90846103e-02
    -8.16414654e-02 -7.00287074e-02 -6.69714585e-02 -4.94226739e-02
    -5.97653687e-02 -4.66156229e-02 -5.01220748e-02 -3.25574353e-02
    -2.78729815e-02 -2.08929088e-02 -1.80555414e-02 -1.34946555e-02
    -4.53102542e-03 6.61181845e-03 7.01021962e-03 1.11408373e-02
    1.90663356e-02 2.88990811e-02 2.16859765e-02 4.09937054e-02
    2.90010888e-02 4.25049812e-02 4.23348993e-02 4.95567136e-02
    4.87108566e-02 4.71129678e-02 4.60741408e-02 5.34760915e-02
    5.11618070e-02 5.43646552e-02 5.70841543e-02 5.87248579e-02
    6.22599199e-02 5.96308820e-02 6.27495944e-02 6.10439144e-02
    5.69355823e-02 6.26027137e-02 6.29266948e-02 5.87487333e-02
    6.29965365e-02 5.68955578e-02 6.37712702e-02 5.24432957e-02
    5.48989289e-02 5.52228689e-02 5.14737442e-02 5.53440712e-02
    4.93641607e-02 5.39924502e-02 4.87363040e-02 4.55285087e-02
    4.08779718e-02 4.72581983e-02 4.59083393e-02 4.37494256e-02
    4.27315198e-02 4.19096351e-02 3.70781943e-02 3.24213058e-02
    3.37554775e-02 3.11939139e-02 3.18038166e-02 3.09600625e-02
    2.84120813e-02 2.91958135e-02 2.75597591e-02 2.43132021e-02
    2.65248697e-02 2.35911123e-02 2.10052878e-02 2.24852003e-02
    1.84254367e-02 1.67476442e-02 1.72465704e-02 1.70057435e-02
    1.56400520e-02 1.54534914e-02 1.50855426e-02 1.36443051e-02
    1.20564485e-02 1.07913520e-02 1.23736365e-02 9.87130497e-03
    8.30682833e-03 1.12478556e-02 8.37292895e-03 8.07894953e-03
    9.25408956e-03 6.31867722e-03 5.92704164e-03 5.50414249e-03
    6.94753975e-03 6.93567190e-03 4.38324967e-03 5.15904464e-03
    4.67509357e-03 4.95903194e-03 3.28249671e-03 3.58615955e-03
    3.11400439e-03 2.28874013e-03 3.53949447e-03 3.18226987e-03
    3.66060319e-03 1.84927939e-03 2.85404362e-03 2.24299938e-03
    1.72363885e-03 2.57212273e-03 2.39793677e-03 2.03703018e-03
    2.66584312e-03 5.47679840e-03 0. 0. 0. 0. 0. 0. 0. 0. 0. 0. 0. 0. 0.
    0. 0. 0. 0. 0. 0. 0. 0. 0. 0. 0. 0. 0. 0. 0. 0. 0. 0. 0.
    -9.81607081e-05 -1.86711695e-05 0. 1.24891885e-04 8.06000207e-06
    -3.42298765e-04 -6.66081556e-04 -5.81481552e-04 -1.22545660e-03
    -2.53075920e-03 -1.44505105e-03 -2.87453574e-03 -7.91147724e-03
