<?xml version="1.0"?>
<opencv_storage>
<name>PCA</name>
<vectors type_id="opencv-matrix">
  <rows>20</rows>
  <cols>256</cols>
  <dt>f</dt>
  <data>
    0. 0. 0. 0. 0. 0. 0. 0. 0. 0. 0. 0. 0. 0. 0. 0. 0. 0. 0. 0. 0. 0. 0.
    0. 0. 0. 0. 0. 0. 0. -3.23180429e-05 -2.43609466e-05 0.
    -2.95299305e-05 -1.18354583e-04 -1.69532694e-04 -1.60817421e-04
    -6.57139230e-04 -1.08125573e-03 -1.51859561e-03 -1.79054611e-03
    -3.09915189e-03 -2.77323904e-03 -5.15078939e-03 -6.34592818e-03
    -7.76021508e-03 -1.03707276e-02 -1.30560733e-02 -1.48017779e-02
    -1.65177621e-02 -2.01313365e-02 -2.13793293e-02 -2.81129293e-02
    -3.13862339e-02 -3.52538042e-02 -4.16723303e-02 -4.36474644e-02
    -4.82448228e-02 -5.15368804e-02 -5.84681667e-02 -6.06445931e-02
    -6.86510354e-02 -7.15965852e-02 -7.88953602e-02 -8.25839490e-02
    -8.85547623e-02 -9.42970663e-02 -9.61060449e-02 -1.00330956e-01
    -1.06105857e-01 -1.09020106e-01 -1.15063161e-01 -1.16937712e-01
    -1.19279966e-01 -1.22483015e-01 -1.22502752e-01 -1.26523361e-01
    -1.26723617e-01 -1.30250037e-01 -1.38057694e-01 -1.32784635e-01
    -1.33356795e-01 -1.34615913e-01 -1.34915486e-01 -1.35634184e-01
    -1.34790465e-01 -1.35081008e-01 -1.33921698e-01 -1.29256800e-01
    -1.28973365e-01 -1.28700435e-01 -1.24776967e-01 -1.17977276e-01
    -1.19379833e-01 -1.14979073e-01 -1.09208569e-01 -1.04562804e-01
    -9.60373729e-02 -8.89095515e-02 -9.06475186e-02 -8.46978053e-02
    -7.47204646e-02 -7.73967430e-02 -7.12516382e-02 -6.08522184e-02
    -5.72058670e-02 -4.90918756e-02 -4.36553210e-02 -3.31732593e-02
    -3.07411514e-02 -2.52538100e-02 -1.47619089e-02 -1.58347171e-02
    -5.76248998e-03 2.98096356e-03 1.17297303e-02 1.79934930e-02
    2.20950954e-02 2.29091104e-02 3.51317897e-02 3.56608965e-02
    3.97845097e-02 4.49823588e-02 5.08863777e-02 5.44636808e-02
    6.27464876e-02 6.72904626e-02 6.88017309e-02 7.72621334e-02
    8.27429891e-02 8.75697508e-02 8.41280669e-02 8.37787688e-02
    9.04745460e-02 9.34191495e-02 9.42402333e-02 9.93006304e-02
    9.62999389e-02 1.03321180e-01 1.01330094e-01 9.68084410e-02
    1.05257384e-01 1.02116480e-01 1.04139894e-01 1.01458579e-01
    9.98164117e-02 1.02403589e-01 1.00692764e-01 1.00183576e-01
    1.02252096e-01 1.00653514e-01 9.43341181e-02 9.94698405e-02
    9.94650573e-02 9.89517346e-02 9.16766152e-02 8.84881914e-02
    9.15099382e-02 8.82408023e-02 8.42553154e-02 8.25150013e-02
    8.30447450e-02 7.83236697e-02 8.09980631e-02 7.70339295e-02
    7.08363950e-02 7.01729357e-02 6.84072524e-02 6.39921203e-02
    6.29041940e-02 6.15193360e-02 6.28253743e-02 5.81853129e-02
    5.81786782e-02 5.21451905e-02 5.35379946e-02 5.08899763e-02
    4.93032299e-02 4.77198921e-02 4.55777720e-02 4.40062247e-02
    3.99450213e-02 3.73615399e-02 3.58591378e-02 3.29139531e-02
    3.28608900e-02 3.31445523e-02 3.12791914e-02 2.85641681e-02
    2.68545765e-02 2.62509286e-02 2.46613603e-02 2.18915138e-02
    2.01595109e-02 2.09946241e-02 1.88224465e-02 1.85459163e-02
    1.63347833e-02 1.67905372e-02 1.58663541e-02 1.56158470e-02
    1.42767746e-02 1.33749619e-02 1.25171598e-02 1.13439867e-02
    1.10826986e-02 9.17073619e-03 8.42546672e-03 8.41442123e-03
    8.11054464e-03 6.89784857e-03 7.70590780e-03 6.14690501e-03
    5.89310005e-03 5.32174949e-03 5.00987284e-03 5.99182863e-03
    5.45921689e-03 3.51888314e-03 4.14205715e-03 3.21600330e-03
    2.79183919e-03 2.90452805e-03 2.15565902e-03 2.14960263e-03
    2.64316145e-03 2.00135633e-03 1.77263876e-03 1.76205405e-03
    1.89312443e-03 1.42907386e-03 1.36920949e-03 1.19488640e-03
    9.28527501e-04 8.73422017e-04 6.27803209e-04 8.56775267e-04
    6.45319291e-04 7.52317137e-04 9.67992586e-04 4.54068242e-04
    6.28740527e-04 7.23578851e-04 4.91325569e-04 4.85113123e-04
    3.22256587e-04 1.29652777e-04 6.46805682e-04 1.64854617e-04
    2.44385825e-04 4.50572028e-04 1.10705500e-04 5.25001495e-04
    4.17268282e-04 2.98048748e-04 6.43609674e-04 0. 0. 0. 0. 0. 0. 0. 0.
    0. 0. 0. 0. 0. 0. 0. 0. 0. 0. 0. 0. 0. 0. 0. 0. 0. 0. 0. 0. 0. 0.
    6.16887482e-05 5.82981302e-05 0. 3.11418698e-05 1.89917846e-04
    3.32280440e-04 2.36675667e-04 1.33306405e-03 2.34297500e-03
    3.59704881e-03 3.32968961e-03 5.92522603e-03 6.17264491e-03
    1.16158621e-02 1.33032119e-02 1.50231365e-02 2.05992814e-02
    2.46024393e-02 2.54827440e-02 2.96477024e-02 3.52624618e-02
    3.63978818e-02 4.74200100e-02 4.99177463e-02 5.55290915e-02
    6.37092069e-02 6.71582296e-02 6.93587586e-02 7.15456754e-02
    7.86723420e-02 8.09136853e-02 8.46090466e-02 8.75888988e-02
    9.02888104e-02 7.70751759e-02 9.17399228e-02 9.32300463e-02
    9.31777954e-02 8.90112892e-02 9.12668407e-02 8.41880068e-02
    8.42599124e-02 9.39121768e-02 7.99526647e-02 7.05112442e-02
    6.44453838e-02 6.99006245e-02 5.78822084e-02 4.81372699e-02
    4.70120870e-02 4.53100130e-02 3.01733278e-02 2.21001729e-02
    2.19093896e-02 1.17422370e-02 9.61007364e-03 2.56635342e-03
    -1.33524388e-02 -2.53579877e-02 -1.95034146e-02 -4.13023196e-02
    -5.23085482e-02 -5.63930273e-02 -5.71282953e-02 -6.91975877e-02
    -8.14601704e-02 -8.71259570e-02 -1.08490586e-01 -1.12137884e-01
    -1.11739479e-01 -1.21812798e-01 -1.29521459e-01 -1.25012547e-01
    -1.46969736e-01 -1.43113911e-01 -1.40329748e-01 -1.56110868e-01
    -1.37736142e-01 -1.55813590e-01 -1.60785124e-01 -1.51866421e-01
    -1.48481548e-01 -1.56455219e-01 -1.59613371e-01 -1.57857478e-01
    -1.52865499e-01 -1.62664667e-01 -1.37601048e-01 -1.49223611e-01
    -1.36691108e-01 -1.32747367e-01 -1.32059678e-01 -1.36065230e-01
    -1.27626404e-01 -1.24948293e-01 -1.14525020e-01 -1.17909595e-01
    -1.03082165e-01 -1.06795214e-01 -8.45374316e-02 -7.86201358e-02
    -8.56705904e-02 -8.72166380e-02 -6.61246628e-02 -5.87663241e-02
    -4.15801145e-02 -4.04190421e-02 -3.63942385e-02 -4.36290056e-02
    -2.32185014e-02 -1.57593116e-02 -1.35465870e-02 -8.57349113e-03
    3.95908626e-03 -4.07252141e-04 -9.18561185e-04 1.63931940e-02
    2.18647867e-02 1.65913682e-02 2.91769318e-02 3.98367681e-02
    2.98648626e-02 4.62613478e-02 4.92045693e-02 4.39126715e-02
    4.83076870e-02 5.25301695e-02 5.81422001e-02 5.49328290e-02
    6.04966953e-02 6.37290478e-02 6.02646545e-02 6.36507347e-02
    7.28661492e-02 6.69339448e-02 6.17306158e-02 6.31978065e-02
    6.08838759e-02 6.43148497e-02 7.08951354e-02 6.39009997e-02
    7.02028051e-02 6.53199255e-02 6.45770282e-02 5.68826273e-02
    6.55911639e-02 6.18453585e-02 6.27014264e-02 6.08005337e-02
    6.20023906e-02 5.87555580e-02 5.31954952e-02 5.40250987e-02
    4.93232571e-02 4.44980115e-02 4.79989462e-02 4.94814999e-02
    4.65166271e-02 3.91125232e-02 4.45879735e-02 4.29520085e-02
    3.89773212e-02 3.60611305e-02 3.39636877e-02 3.50354463e-02
    3.25759128e-02 3.22991200e-02 2.79989373e-02 3.14434841e-02
    2.76420750e-02 2.76030917e-02 2.60812677e-02 2.41927411e-02
    2.45634411e-02 2.10894216e-02 2.17667427e-02 1.70885269e-02
    1.40804863e-02 1.62155833e-02 1.47716179e-02 1.31996237e-02
    1.55058801e-02 1.16805155e-02 1.18028112e-02 9.14054178e-03
    9.85313766e-03 1.23372916e-02 1.28825782e-02 6.45550434e-03
    8.50850996e-03 5.86213591e-03 5.79942996e-03 6.25133421e-03
    4.10366757e-03 4.63115796e-03 5.60869137e-03 3.51536484e-03
    3.77592491e-03 3.71951377e-03 4.28257743e-03 2.85113510e-03
    2.85209692e-03 3.01500852e-03 2.28720112e-03 1.91848155e-03
    1.46614225e-03 2.12271302e-03 1.36284367e-03 1.96015043e-03
    2.39587482e-03 1.02142501e-03 1.53446943e-03 1.90036232e-03
    9.88915330e-04 1.25768199e-03 8.41343426e-04 9.77541204e-05
    1.51331781e-03 3.84697370e-04 4.34321031e-04 1.24144868e-03
    2.75273458e-04 1.58305326e-03 1.31537137e-03 9.39550926e-04
    1.65323587e-03 0. 0. 0. 0. 0. 0. 0. 0. 0. 0. 0. 0. 0. 0. 0. 0. 0. 0.
    0. 0. 0. 0. 0. 0. 0. 0. 0. 0. 0. 0. 4.72387437e-05 2.33722647e-04 0.
    1.83510949e-07 1.55511181e-04 7.16708193e-04 5.58271247e-04
    2.57725082e-03 4.78569977e-03 7.36447703e-03 5.74709382e-03
