<?xml version="1.0"?>
<opencv_storage>
<name>PCA</name>
<vectors type_id="opencv-matrix">
  <rows>25</rows>
  <cols>256</cols>
  <dt>f</dt>
  <data>
    0. 0. 0. 0. 0. 0. 0. 0. 0. 0. 0. 0. 0. 0. 0. 0. 0. 0. 0. 0. 0. 0. 0.
    0. 0. 0. 0. 0. 0. 0. 0. 0. 0. 0. 0. -7.80842965e-05 -5.54100006e-05
    -2.10608618e-04 2.83633108e-05 -3.35698824e-05 -7.87577301e-04
    -7.24026409e-04 -1.94189465e-03 -1.10205379e-03 -2.53677275e-03
    -3.44468676e-03 -3.21933324e-03 -4.54217009e-03 -7.10092112e-03
    -6.27140468e-03 -7.30551640e-03 -9.37634427e-03 -1.15532000e-02
    -1.29717244e-02 -1.65021233e-02 -1.84767172e-02 -2.27315035e-02
    -2.62394473e-02 -2.63659339e-02 -3.20687182e-02 -3.66059989e-02
    -3.88983786e-02 -4.33916338e-02 -5.13971858e-02 -5.03239632e-02
    -5.82598299e-02 -6.14511520e-02 -6.60695732e-02 -7.02443868e-02
    -7.65235797e-02 -8.11330304e-02 -8.39339942e-02 -8.63661468e-02
    -9.17347446e-02 -9.50181484e-02 -9.83070657e-02 -1.00706607e-01
    -1.10414334e-01 -1.08668134e-01 -1.13697387e-01 -1.18005678e-01
    -1.17690146e-01 -1.16973519e-01 -1.23298064e-01 -1.24634996e-01
    -1.31533727e-01 -1.28109187e-01 -1.29291803e-01 -1.37986302e-01
    -1.35482416e-01 -1.34706616e-01 -1.34262756e-01 -1.28384709e-01
    -1.32367402e-01 -1.27683297e-01 -1.33422405e-01 -1.26672849e-01
    -1.17768876e-01 -1.27611503e-01 -1.22922421e-01 -1.13771208e-01
    -1.14034511e-01 -1.07982963e-01 -1.13282666e-01 -1.04824685e-01
    -9.96546298e-02 -9.19900835e-02 -8.22359920e-02 -8.57245997e-02
    -7.94801936e-02 -7.06537515e-02 -6.94026127e-02 -6.56480044e-02
    -5.53745404e-02 -4.08847071e-02 -4.36447151e-02 -3.53436694e-02
    -3.40053365e-02 -2.40895879e-02 -2.05822438e-02 -1.16517255e-02
    -5.63849043e-03 -4.63419594e-04 9.54202749e-03 1.40560232e-02
    1.67169124e-02 1.91677604e-02 2.80971397e-02 2.99066994e-02
    3.73936929e-02 3.95018533e-02 5.30745871e-02 5.53573184e-02
    5.59099428e-02 6.61721304e-02 6.57191575e-02 6.40002936e-02
    7.90130571e-02 7.68264756e-02 8.44704285e-02 8.67357329e-02
    9.01592746e-02 8.32677931e-02 8.90627429e-02 8.84504616e-02
    9.14040431e-02 9.46288854e-02 9.96240973e-02 1.02167554e-01
    9.69411284e-02 9.54508334e-02 9.99393538e-02 1.01632938e-01
    1.02014340e-01 9.96961743e-02 9.97543260e-02 9.81307551e-02
    9.95879546e-02 9.88374501e-02 9.57926661e-02 9.43267569e-02
    9.69927013e-02 9.36534479e-02 9.68062282e-02 8.87312144e-02
    8.61655921e-02 8.94497856e-02 8.28260109e-02 8.92227814e-02
    8.19051415e-02 8.50445852e-02 8.36287141e-02 7.70115033e-02
    7.82483965e-02 7.57137686e-02 7.51908645e-02 6.99798316e-02
    6.44925907e-02 6.50322512e-02 6.38448149e-02 6.68633431e-02
    5.99121638e-02 6.04846068e-02 5.80954626e-02 5.47680259e-02
    5.42693362e-02 5.15875295e-02 4.89192866e-02 4.78617139e-02
    4.46589626e-02 4.37299982e-02 4.09064367e-02 4.57923636e-02
    3.58114243e-02 3.59442979e-02 3.47815007e-02 3.53378989e-02
    3.14141698e-02 3.01034413e-02 2.90026125e-02 2.76858900e-02
    2.76205111e-02 2.30164751e-02 2.16604844e-02 2.30605491e-02
    2.21275035e-02 2.10190099e-02 2.06394847e-02 1.82476901e-02
    1.83897987e-02 1.69453043e-02 1.61316749e-02 1.45612415e-02
    1.47854593e-02 1.37127917e-02 1.26064382e-02 1.23053072e-02
    1.25725614e-02 1.02429781e-02 1.13878557e-02 9.48435348e-03
    1.01003703e-02 8.68706033e-03 7.81308208e-03 6.21879147e-03
    8.00804049e-03 6.37337333e-03 6.68114005e-03 6.07404113e-03
    4.87245107e-03 4.86717653e-03 4.24835598e-03 4.35024686e-03
    4.48351353e-03 4.15189192e-03 3.89122940e-03 3.53377569e-03
    2.61217472e-03 2.64424528e-03 3.08331964e-03 2.91816308e-03
    3.59261758e-03 2.63990392e-03 1.31377950e-03 2.15511140e-03
    1.46288611e-03 1.84838998e-03 1.38854957e-03 1.62057171e-03
    1.56799518e-03 9.05995315e-04 1.32674573e-03 1.27934467e-03
    1.98054034e-03 1.65940076e-03 2.65647355e-03 0. 0. 0. 0. 0. 0. 0. 0.
    0. 0. 0. 0. 0. 0. 0. 0. 0. 0. 0. 0. 0. 0. 0. 0. 0. 0. 0. 0. 0. 0. 0.
    0. 0. 0. 0. 1.57158167e-04 1.63581295e-04 4.63613629e-04
    1.38811534e-04 1.80412826e-04 1.69486785e-03 2.18406203e-03
    4.42454033e-03 2.53405119e-03 5.20041492e-03 7.81671051e-03
    6.71454985e-03 8.68213642e-03 1.47669213e-02 1.21134473e-02
    1.38392523e-02 1.79110523e-02 2.08061002e-02 2.20655538e-02
    2.77216733e-02 2.97440626e-02 3.77048366e-02 3.92350368e-02
    4.26094830e-02 5.01047634e-02 4.93067652e-02 5.41899577e-02
    5.68029284e-02 7.09055290e-02 6.41144365e-02 7.37284347e-02
    7.49579370e-02 8.63954723e-02 8.44281241e-02 8.77880454e-02
    8.63160044e-02 9.07696709e-02 8.07338282e-02 9.37010720e-02
    9.19992626e-02 9.02616382e-02 8.02297294e-02 9.64580327e-02
    7.95652270e-02 8.52052197e-02 7.73698092e-02 8.07520524e-02
    6.97220936e-02 7.73747489e-02 5.95808737e-02 6.75072148e-02
    5.02757654e-02 5.20203151e-02 3.99740487e-02 3.51369195e-02
    1.82944518e-02 1.16673913e-02 1.90312089e-03 7.02147372e-03
    -9.62609053e-03 -3.57858487e-03 -4.30382937e-02 -3.84649858e-02
    -5.19228280e-02 -4.55790274e-02 -6.99893534e-02 -6.37819469e-02
    -8.01976249e-02 -7.24643171e-02 -8.80088136e-02 -9.78994071e-02
    -9.32918042e-02 -1.19039945e-01 -1.13655359e-01 -1.35292336e-01
    -1.21108368e-01 -1.21616244e-01 -1.50827035e-01 -1.25161439e-01
    -1.77109748e-01 -1.47777140e-01 -1.43584713e-01 -1.47432461e-01
    -1.50805771e-01 -1.62773341e-01 -1.38784960e-01 -1.56308413e-01
    -1.69290543e-01 -1.65683165e-01 -1.51712835e-01 -1.54576704e-01
    -1.32218733e-01 -1.30128115e-01 -1.37450635e-01 -1.34960890e-01
    -1.42128751e-01 -1.30802169e-01 -1.31000549e-01 -1.06832117e-01
    -1.17953405e-01 -1.04420394e-01 -1.08640745e-01 -1.05090238e-01
    -8.46654996e-02 -7.71928579e-02 -6.90645128e-02 -5.22581227e-02
    -7.33952373e-02 -5.88919595e-02 -4.23597507e-02 -5.30387983e-02
    -2.64298879e-02 -3.57573219e-02 -1.81180369e-02 -2.31322665e-02
    -2.71911379e-02 3.73760588e-03 -6.37674751e-03 1.47476038e-02
    1.59715749e-02 1.84718091e-02 2.39279661e-02 3.37439887e-02
    3.17722596e-02 3.16962935e-02 3.44706587e-02 4.29211259e-02
    4.56223004e-02 5.34891710e-02 4.27027494e-02 5.25005013e-02
    5.66879734e-02 4.20846306e-02 5.73178753e-02 4.58658896e-02
    6.37268275e-02 7.04920739e-02 6.58763275e-02 6.11001328e-02
    7.28495643e-02 5.70731685e-02 6.51662499e-02 5.85691817e-02
    6.37872145e-02 5.92436530e-02 7.36796185e-02 6.24484755e-02
    6.15455471e-02 5.76150790e-02 5.79769574e-02 5.74411079e-02
    5.47759123e-02 5.67908436e-02 5.31354584e-02 5.22424206e-02
    4.82338183e-02 4.83228751e-02 5.57010621e-02 4.26172949e-02
    4.61331122e-02 4.23776135e-02 4.68128361e-02 4.04145420e-02
    3.89871672e-02 3.55046168e-02 3.66971381e-02 3.80956121e-02
    2.91575305e-02 2.55840477e-02 3.28258723e-02 2.95110624e-02
    2.81491000e-02 2.69266553e-02 2.76726186e-02 2.64904294e-02
    2.36289892e-02 2.22207569e-02 2.27664821e-02 1.89941023e-02
    2.05782633e-02 1.98761392e-02 1.93646979e-02 1.74549203e-02
    1.41688157e-02 1.67276952e-02 1.31171262e-02 1.60422307e-02
    1.36677586e-02 1.14388391e-02 9.82730184e-03 1.12107070e-02
    9.53498576e-03 1.16840824e-02 1.00239553e-02 7.95241632e-03
    7.20717758e-03 8.15747026e-03 6.11358089e-03 7.31330924e-03
    7.34055601e-03 5.26860449e-03 6.49190461e-03 4.58538858e-03
    4.24159737e-03 5.70178870e-03 4.65565780e-03 7.27620348e-03
    4.19104006e-03 1.74152933e-03 3.17089958e-03 2.31072749e-03
    3.67290922e-03 2.44415761e-03 2.64053233e-03 3.04713077e-03
    1.74306089e-03 1.94293447e-03 1.91545300e-03 3.58342868e-03
    2.66287941e-03 5.26484009e-03 0. 0. 0. 0. 0. 0. 0. 0. 0. 0. 0. 0. 0.
    0. 0. 0. 0. 0. 0. 0. 0. 0. 0. 0. 0. 0. 0. 0. 0. 0. 0. 0. 0. 0. 0.
    2.69781827e-04 3.09468480e-04 7.85508833e-04 1.09458726e-03
    3.74062365e-04 4.52949945e-03 5.33080567e-03 1.00806700e-02
    6.62665349e-03 1.09562250e-02 1.60417221e-02 1.71188246e-02
    1.62098035e-02 3.19099352e-02 2.25068927e-02 2.85782497e-02
