<?xml version="1.0"?>
<opencv_storage>
<voc type_id="opencv-matrix">
  <rows>300</rows>
  <cols>3</cols>
  <dt>f</dt>
  <data>
    -4.29354161e-02 -6.08414086e-03 1.06014963e-02 -1.93644203e-02
    -2.74784584e-02 -1.83818489e-02 -2.25814804e-02 4.28218544e-02
    -1.15581872e-02 -4.40274663e-02 -1.19850149e-04 1.18561890e-02
    -1.61026828e-02 3.76255019e-04 -3.67600447e-03 -4.57605720e-02
    5.33293991e-04 8.33925232e-03 -4.53859568e-02 5.19325084e-04
    1.18381055e-02 -5.89240901e-02 -1.44897774e-02 -7.96508417e-03
    -1.12335309e-02 -9.35337413e-03 3.56665184e-03 -1.55597515e-02
    4.76126006e-04 1.70070585e-03 2.91440785e-02 -2.52348594e-02
    -1.71022825e-02 -1.66747384e-02 -6.10298070e-04 -1.63704820e-03
    -4.20217440e-02 -2.59818835e-03 1.12918140e-02 -1.82203893e-02
    -2.74678543e-02 -1.58567261e-02 -2.45323703e-02 4.34600264e-02
    -1.20313149e-02 -1.83084290e-02 -2.85043996e-02 -1.60390399e-02
    -2.36457754e-02 4.34088632e-02 -1.13317883e-02 9.06731114e-02
    -2.19526924e-02 -1.38977682e-02 -1.62754860e-02 -1.10230444e-03
    -2.33476912e-03 -3.99508327e-02 -2.85462569e-03 4.94975876e-03
    -1.91223342e-02 -2.77535506e-02 -1.92630365e-02 -2.46484932e-02
    4.34897952e-02 -1.31902145e-02 9.08722505e-02 -2.33517196e-02
    -1.06282225e-02 -2.40131635e-02 4.27683704e-02 -9.74721834e-03
    -5.29511608e-02 -1.77052841e-02 -2.00501503e-03 -9.59276222e-03
    -1.03912167e-02 7.96276052e-03 -1.59313008e-02 -1.20992388e-03
    7.96639884e-04 2.99184509e-02 -2.62595713e-02 -1.40578933e-02
    -3.97339351e-02 -2.54916144e-03 1.25376619e-02 -5.62085249e-02
    -1.60390623e-02 -2.65029911e-03 -1.11499447e-02 -9.69639886e-03
    3.29501415e-03 -4.22663316e-02 -1.47893943e-03 1.60735361e-02
    -1.72018632e-02 -2.84473095e-02 -1.38769448e-02 -2.33172867e-02
    4.34115008e-02 -9.70097911e-03 9.01623666e-02 -2.21689232e-02
    -1.42538501e-02 -5.71883470e-02 -1.58994980e-02 -6.24778960e-03
    9.05567408e-02 -2.25825123e-02 -1.29162297e-02 -1.07193645e-02
    -9.98364203e-03 3.97059368e-03 -1.63749736e-02 -3.02976259e-04
    -4.41233767e-03 8.96519795e-02 -2.11265273e-02 -1.62599627e-02
    -5.64503036e-02 -1.61388703e-02 -6.12547947e-03 -1.50801232e-02
    -4.26231156e-04 -9.98574658e-04 -3.86346430e-02 -3.30634089e-03
    1.64022241e-02 -2.22502742e-02 4.36983705e-02 -9.17058904e-03
    9.00525749e-02 -2.06546746e-02 -1.52711878e-02 9.09171402e-02
    -2.10148282e-02 -1.41478814e-02 -1.50436461e-02 -1.72254967e-03
    6.03361754e-04 -3.98089737e-02 -4.21239343e-03 1.00817373e-02
    -1.84307750e-02 -2.78718676e-02 -1.72889996e-02 -1.55752208e-02
    -3.31868720e-03 -2.10237387e-03 -1.74288377e-02 -2.84097735e-02
    -1.37445675e-02 -5.32804690e-02 -1.84414610e-02 -1.32732699e-03
    -1.76320318e-02 -9.50654612e-06 -6.62714150e-03 -4.28117663e-02
    -1.50395010e-03 8.44596699e-03 -1.85664464e-02 -2.78358441e-02
    -1.79359838e-02 9.09675658e-02 -2.14715768e-02 -1.16435476e-02
    -5.42765036e-02 -1.73842311e-02 -2.38068518e-03 -1.79813113e-02
    -2.81025637e-02 -1.56910680e-02 -2.38246527e-02 4.29986790e-02
    -1.23124197e-02 -5.66560216e-02 -1.56237930e-02 -6.35236967e-03
    -1.78819057e-02 -2.80272085e-02 -1.64222009e-02 -2.45765317e-02
    4.34752181e-02 -1.30947754e-02 -5.65753244e-02 -1.57218669e-02
    -5.57536772e-03 -9.93487332e-03 -1.12966504e-02 6.69706287e-03
    3.00284214e-02 -2.67441347e-02 -1.39773302e-02 -4.14775275e-02
    -2.83526344e-04 1.28800189e-02 8.88672397e-02 -2.03432683e-02
    -1.88471135e-02 -5.47398217e-02 -1.65062342e-02 -8.44310736e-04
    3.11460588e-02 -2.80085299e-02 -1.03793666e-02 -4.24722321e-02
    -1.31035841e-03 1.08597968e-02 -2.44493857e-02 4.39028107e-02
    -1.32492548e-02 8.97481665e-02 -2.04981584e-02 -1.59029290e-02
    -5.50080612e-02 -1.63909085e-02 -3.74033372e-03 -1.55441659e-02
    -1.21174380e-03 2.74279562e-04 2.74266768e-02 -2.50214227e-02
    -2.26499420e-02 -4.03673723e-02 -2.83248792e-03 1.45776495e-02
    -1.76334865e-02 -2.80948840e-02 -1.52961370e-02 -2.25983653e-02
    4.24974672e-02 -6.65737130e-03 8.91633928e-02 -1.93790812e-02
    -1.76168364e-02 -5.41378558e-02 -1.66600160e-02 -5.34361089e-03
    -1.49464644e-02 -5.93347650e-05 1.00516052e-04 2.78686360e-02
    -2.51255725e-02 -2.13034004e-02 -4.37213369e-02 3.45123350e-04
    1.13031566e-02 -4.47972044e-02 9.96902818e-04 1.08046168e-02
    -1.91938579e-02 -2.72640586e-02 -2.03074999e-02 -2.34163478e-02
    4.30954844e-02 -1.15811201e-02 8.99679735e-02 -2.11540181e-02
    -1.55232754e-02 -5.89829609e-02 -1.48021001e-02 -5.36338985e-03
    -1.58863198e-02 -1.09628972e-03 -2.73733749e-03 3.02766226e-02
    -2.62638479e-02 -1.35875260e-02 -1.72038730e-02 -2.38103239e-05
    -4.88058897e-03 2.93421894e-02 -2.66491380e-02 -1.63826700e-02
    -1.85686350e-02 -2.80280709e-02 -1.82531439e-02 -5.64463064e-02
    -1.53054008e-02 -5.82060870e-03 -4.24402133e-02 -1.63659849e-03
    1.03130210e-02 -1.01852641e-02 -9.84431803e-03 5.63188130e-03
    -1.54722827e-02 -1.15282345e-03 6.15788973e-04 -9.76816192e-03
    -1.15383426e-02 6.83157938e-03 -4.04540412e-02 -1.67970441e-03
    1.80227607e-02 -1.79806668e-02 -2.78488994e-02 -1.66581776e-02
    -2.23744456e-02 4.44756001e-02 -6.86683320e-03 -5.65717071e-02
    -1.56227937e-02 -6.15628297e-03 -9.71269980e-03 -9.40279663e-03
    6.14550663e-03 -1.66622400e-02 4.20030614e-04 -4.68389224e-03
    -2.22736951e-02 4.41978239e-02 -8.25108588e-03 -4.59884629e-02
    1.37805342e-04 4.96645598e-03 -5.72260395e-02 -1.62332170e-02
    -4.20836546e-03 -2.32642516e-02 4.35915440e-02 -8.95184651e-03
    8.77508670e-02 -1.85608901e-02 -2.33701933e-02 2.98085287e-02
    -2.65048128e-02 -1.44310538e-02 -4.46292572e-02 -6.73679679e-05
    9.77709517e-03 -2.45236754e-02 4.37711254e-02 -1.35635780e-02
    -8.95636529e-03 -1.16111133e-02 8.86023697e-03 -1.54447844e-02
    -1.90271693e-03 1.05022115e-03 -2.29461435e-02 4.39185984e-02
    -8.61667655e-03 9.08860713e-02 -2.27233823e-02 -1.11567983e-02
    -5.57538420e-02 -1.67261697e-02 -1.27876556e-04 -9.38682724e-03
    -1.11098439e-02 7.14093167e-03 -1.74770616e-02 4.07609157e-04
    -5.21593541e-03 -5.77656887e-02 -1.47850411e-02 -6.58198819e-03
    -9.52895451e-03 -1.09304897e-02 7.31485570e-03 -1.58406645e-02
    -1.28338218e-03 -2.66723358e-03 2.88921595e-02 -2.53848154e-02
    -1.81417447e-02 -4.00246307e-02 -1.90184161e-03 1.95762292e-02
    -1.87004860e-02 -2.70309169e-02 -1.94257908e-02 -5.81761561e-02
    -1.46414395e-02 -9.57642030e-03 -4.56976295e-02 1.68846559e-03
    4.16762056e-03 9.04203430e-02 -1.96077395e-02 -1.37921451e-02
    -5.67850284e-02 -1.62772946e-02 -5.07454388e-03 -1.04406429e-02
    -1.03366161e-02 4.32681479e-03 -4.26594913e-02 -1.31394889e-03
    1.57560632e-02 -1.75411645e-02 -2.73051970e-02 -1.53978439e-02
    9.08449516e-02 -2.07933150e-02 -1.29431868e-02 -5.52644469e-02
    -1.64598841e-02 -1.87595084e-03 -9.07821022e-03 -1.11699812e-02
    8.92172474e-03 -1.55987376e-02 -1.27402029e-03 -2.10671825e-03
    2.97748558e-02 -2.63874996e-02 -1.56789571e-02 -4.27099057e-02
    -1.39788457e-03 1.58564541e-02 -1.76044684e-02 -2.88225599e-02
    -1.49155650e-02 -1.61174331e-02 -7.45440950e-04 -2.74589402e-03
    2.97973100e-02 -2.59661283e-02 -1.58859342e-02 -4.65746820e-02
    2.27661198e-03 3.68791958e-03 -1.79364532e-02 -2.82114595e-02
    -1.67996585e-02 -5.90389930e-02 -1.46389017e-02 -1.12228552e-02
    -9.69656091e-03 -1.13881538e-02 6.09500986e-03 -4.27575856e-02
    -6.95406925e-04 1.18678361e-02 -1.70210861e-02 -2.83926148e-02
    -1.48964785e-02 -5.88727333e-02 -1.41411787e-02 -1.13121113e-02
    -9.33829695e-03 -1.13515696e-02 7.42760487e-03 -4.00018580e-02
    -2.07544141e-03 1.58919860e-02 -1.73852351e-02 -2.85881832e-02
    -1.48600750e-02 -2.39009522e-02 4.37735505e-02 -1.02867335e-02
    -5.57856113e-02 -1.64185725e-02 -3.77735728e-03 -1.58869270e-02
    4.07366315e-04 4.77712019e-05 2.76135970e-02 -2.51621045e-02
    -2.20224857e-02 -4.08773758e-02 -1.32899580e-03 1.02397297e-02
