<?xml version="1.0"?>
<opencv_storage>
<ex type_id="opencv-matrix">
  <rows>192</rows>
  <cols>2</cols>
  <dt>f</dt>
  <data>
    -1.84539170e-03 -6.61683874e-03 -1.73918232e-02 -1.95946591e-03
    -7.14811217e-03 -4.96025011e-03 5.35401562e-03 -1.23048830e-03
    -7.59676052e-03 1.04082432e-02 1.21146813e-03 2.62656971e-03
    1.76695781e-03 -2.00099335e-03 -1.37639474e-02 7.49366125e-03
    -3.36378999e-03 9.82407480e-04 -3.00513487e-03 -8.73076729e-03
    -1.82102006e-02 -6.37682015e-03 -8.15921370e-03 -7.50311511e-03
    6.68370281e-04 -3.59254400e-03 -1.51775787e-02 3.96421971e-03
    -4.54175286e-03 -8.52827332e-04 -4.21407307e-03 -8.47547129e-03
    -2.10309066e-02 -5.77265536e-03 -1.00611812e-02 -7.35036656e-03
    9.41520790e-04 -2.68117827e-03 -1.54825002e-02 5.90021163e-03
    -4.52147005e-03 4.48930659e-04 6.74280478e-03 -5.73995116e-04
    -4.87661036e-03 1.08374236e-02 2.53134151e-03 3.18341982e-03
    1.79092167e-03 -2.25730403e-03 -1.38928993e-02 7.54533708e-03
    -3.34693841e-03 1.00426550e-03 3.81845492e-03 -1.89005805e-03
    -9.01360810e-03 7.47179799e-03 -5.29982150e-04 1.40690745e-03
    5.58118336e-03 -7.30131724e-05 -7.02497130e-03 1.14059458e-02
    1.11914414e-03 3.60724423e-03 2.48505198e-03 -2.51678820e-03
    -1.20603135e-02 6.23686425e-03 -2.22259085e-03 2.95319478e-04
    -2.56520556e-03 -6.61009317e-03 -1.95456669e-02 -1.04916689e-03
    -8.09814315e-03 -4.54246998e-03 -4.26744227e-04 -4.19325847e-03
    -1.64899286e-02 3.49807320e-03 -5.56352036e-03 -1.65582646e-03
    2.36639264e-03 -1.76284835e-03 -1.34013779e-02 8.68881959e-03
    -2.99351034e-03 1.93543651e-03 4.08964558e-03 -5.71342534e-04
    -9.58406273e-03 9.90473386e-03 -6.25577697e-04 2.56961398e-03
    6.97628455e-03 -7.35336911e-08 -4.69673984e-03 1.15215434e-02
    2.73170276e-03 4.08980064e-03 1.25343900e-03 -5.30322827e-03
    -3.37418448e-03 -3.20048654e-03 8.42690526e-04 -4.60743159e-03
    -1.38974292e-02 2.19197408e-03 -4.32455586e-03 -2.15013581e-03
    -5.43130736e-04 -6.17211685e-03 -1.50674544e-02 -1.00849743e-03
    -5.27785439e-03 -4.37829969e-03 -1.91127544e-03 -6.81121647e-03
    -1.69557631e-02 -2.24444224e-03 -6.90261042e-03 -5.44979656e-03
    1.43211253e-03 -4.36054403e-03 -1.24079110e-02 2.92828516e-03
    -3.17591010e-03 -2.02450412e-03 8.29786703e-04 -4.42155218e-03
    -1.36103109e-02 3.00106197e-03 -4.01560171e-03 -1.88961963e-03
    5.16234105e-03 -3.38131492e-03 -6.61598984e-03 4.29469300e-03
    1.15721649e-03 -7.85194221e-04 8.25645577e-04 -5.37164556e-03
    -1.28660100e-02 7.89324113e-04 -3.70163331e-03 -3.42741166e-03
    2.82987952e-03 -2.78768619e-03 -1.14596412e-02 6.40057307e-03
    -2.12185667e-03 1.94761087e-04 2.72492622e-03 -2.80596688e-03
    -1.13639887e-02 5.83162392e-03 -2.08794628e-03 7.27464139e-05
    5.99973509e-03 -1.72309915e-03 -6.23666402e-03 9.03364737e-03
    1.94496533e-03 1.75057235e-03 8.01031070e-04 -5.15939621e-03
    -1.28092207e-02 1.92382385e-03 -3.95329110e-03 -3.13764787e-03
    2.39383851e-04 -4.53994982e-03 -1.40332170e-02 2.55045411e-03
    -4.74909414e-03 -2.24191276e-03 2.19317223e-03 -3.36778164e-03
    -1.18409367e-02 4.95154038e-03 -2.56647426e-03 -9.73540475e-04
    2.37655011e-03 -3.34823690e-03 -1.13424910e-02 4.87417541e-03
    -2.24378286e-03 -5.68515679e-04 -2.50004954e-03 -9.05247591e-03
    -1.60557739e-02 -5.99598931e-03 -7.32958969e-03 -8.04070011e-03
    8.38422857e-04 -5.57162100e-03 -1.21302214e-02 4.02650883e-04
    -3.97566613e-03 -3.39809875e-03 8.03314106e-05 -4.31124773e-03
    -1.48587823e-02 2.81343074e-03 -4.91092866e-03 -2.05066334e-03
    3.54174234e-04 -4.31114063e-03 -1.41403740e-02 2.57773953e-03
    -4.75050602e-03 -2.13797414e-03 4.16235812e-03 -3.38813919e-03
    -7.38222618e-03 4.93148202e-03 -1.95883389e-04 -6.20005536e-04
    2.89345765e-03 -3.40619078e-03 -9.82552208e-03 4.86208964e-03
    -1.33470714e-03 -6.89362409e-04 -3.89450252e-05 -6.34496845e-03
    -1.33782560e-02 -9.22855630e-04 -4.39150725e-03 -4.57570003e-03
    5.33087768e-05 -8.12486839e-03 -1.21105947e-02 -3.89180146e-03
    -4.40632971e-03 -6.43431442e-03 2.05785828e-03 -3.56563693e-03
    -1.16611132e-02 4.03070636e-03 -2.62920698e-03 -1.14800595e-03
    8.62779748e-03 -4.29461594e-04 -1.51920156e-03 1.03802737e-02
    4.88620950e-03 3.08806635e-03 4.60177753e-03 -1.13569875e-03
    -7.78362434e-03 9.07848589e-03 5.05601405e-04 2.50747777e-03
    5.45802806e-03 -1.15672441e-03 -7.08109932e-03 8.89191777e-03
    7.88903853e-04 2.24245596e-03 6.62003551e-03 -1.02290371e-03
    -4.34444239e-03 1.03647271e-02 2.97068199e-03 2.89820810e-03
    1.04568992e-03 -3.75487469e-03 -1.25660039e-02 3.17637296e-03
    -3.73057043e-03 -1.40043767e-03 2.45639612e-03 -3.61202587e-03
    -1.02003971e-02 3.77455284e-03 -2.08092760e-03 -1.06899673e-03
    4.26577812e-04 -5.43681905e-03 -1.29227601e-02 1.02150091e-03
    -4.33497177e-03 -3.28626833e-03 6.53964514e-03 -3.31912562e-03
    -2.16397527e-03 6.78127864e-03 3.24709225e-03 -6.51901428e-05
    1.84057150e-02 3.13868659e-04 1.87935680e-02 1.22266775e-02
    1.76556222e-02 4.60645230e-03 8.83567333e-03 2.50625017e-04
    -3.14957026e-04 1.42480126e-02 5.13229053e-03 4.98280767e-03
    1.20799672e-02 6.23123313e-04 7.26717431e-03 1.42814526e-02
    9.57731530e-03 5.33524202e-03 1.28610563e-02 -5.84016903e-04
    7.91713595e-03 1.25610288e-02 1.03853252e-02 3.87315243e-03
    1.20895021e-02 -9.54075251e-04 6.71445858e-03 1.05186757e-02
    9.73334257e-03 2.85807229e-03 1.37075623e-02 -2.21471288e-04
    8.80554132e-03 1.18306456e-02 1.12760914e-02 4.10097232e-03
    1.41041707e-02 -4.25475911e-04 1.06560672e-02 1.18919639e-02
    1.21883098e-02 3.90311889e-03 9.35090799e-03 -9.44866508e-04
    2.41102790e-03 1.21326987e-02 6.46866392e-03 3.53051350e-03
    1.27767269e-02 3.02372529e-04 6.37262734e-03 1.35563193e-02
    1.03348363e-02 4.69065644e-03 6.30001351e-03 -2.10720091e-03
    -5.06162317e-03 8.63548275e-03 2.24117702e-03 1.48416974e-03
    1.64090581e-02 7.31305161e-04 1.37651032e-02 1.42335230e-02
    1.49179902e-02 5.08500310e-03 1.48129882e-02 2.36339925e-04
    1.14438320e-02 1.39277782e-02 1.28368577e-02 4.86276392e-03
    1.37687000e-02 9.57116281e-05 9.22713615e-03 1.26948236e-02
    1.16047719e-02 4.36671404e-03 7.32567674e-03 -1.53085776e-03
    -2.65053660e-03 1.10127833e-02 3.39529500e-03 2.62891897e-03
    1.11186486e-02 -8.31382233e-04 4.59959591e-03 1.13638481e-02
    8.36551562e-03 3.31298448e-03 5.20856120e-05 -1.03492253e-02</data></ex>
</opencv_storage>
